-33 -14 -18 0 0
-36 -10 -15 -2 0
-12 -11 -22 -2 0
2 -2 -12 -1 0
13 2 -3 0 0
-9 -12 -8 4 0
-16 -8 -19 4 0
-13 -7 -1 3 0
-19 -3 1 3 0
-14 -3 8 2 0
-14 -9 2 3 0
-27 -15 -18 1 0
-32 -19 -5 -4 0
-35 -33 -11 9 0
-55 -40 -11 15 0
-62 -19 -13 -15 0
-17 -40 -21 -27 0
-9 -16 -31 -50 0
72 18 -14 60 0
184 76 -7 126 0
281 119 -3 238 0
412 194 -5 166 0
476 203 15 164 0
478 199 9 166 0
468 194 4 168 0
442 183 3 172 0
439 177 -15 174 0
454 178 -11 176 0
453 177 -3 175 0
462 179 -3 180 0
464 181 -9 178 0
468 185 -3 178 0
462 204 -8 179 0
491 207 9 180 0
475 206 16 180 0
477 206 20 183 0
478 200 20 186 0
463 194 14 188 0
457 188 7 189 0
460 187 0 186 0
465 188 -16 183 0
462 191 -17 184 0
450 189 -31 165 0
411 182 -27 123 0
333 164 -13 95 0
239 131 -35 62 0
169 96 -42 3 0
78 36 -29 -24 0
11 -8 -29 -32 0
-12 -49 -31 -37 0
18 -68 -24 -42 0
34 -57 -27 -37 0
80 -29 -37 -51 0
81 -51 -24 -24 0
28 -65 -18 7 0
48 -87 -19 43 0
42 -59 -15 48 0
38 -58 -6 59 0
15 -63 -7 58 0
4 -86 -11 62 0
57 -78 -7 61 0
118 -32 -2 148 0
163 -2 1 168 0
223 56 2 174 0
442 169 0 179 0
455 175 1 182 0
452 178 -3 184 0
456 180 -1 186 0
453 181 -11 594 0
442 207 -10 184 0
472 208 -46280 181 0
472 206 16 189 0
454 196 13 190 0
453 191 9 189 0
454 187 0 190 0
444 189 -7 190 0
444 182 -6 187 0
478 208 -9 187 0
1658 202 15 189 0
509 205 5 189 0
490 216 10 192 0
474 202 -2 194 0
462 190 -2 192 0
443 172 2 191 0
424 154 2 196 0
377 719 3 196 0
311 -117 5 193 0
-43 -144 11 176 0
-90 -163 11 172 0
-133 -163 11 137 0
-149 -171 12 91 0
-174 -176 6 47 0
-205 -155 -5 11 0
-197 -139 -8 -74 0
-197 -139 -28 -107 0
-201 -119 -45 -163 0
-240 -136 -41 -178 0
-263 -110 -45 -203 0
-266 -147 -55 -251 0
-435 -236 -58 -265 0
-364 -312 -77 -286 0
-251 -290 -64 -258 0
-122 -154 -29 -130 0
112 -10 -12 54 0
366 155 -13 162 0
441 173 -5 181 0
439 176 0 182 0
447 176 4775 187 0
482 191 18 194 0
490 196 13 190 0
484 197 8 188 0
481 202 8 183 0
474 197 5 189 0
476 189 -1 193 0
464 186 3 191 0
461 188 -7 191 0
448 192 8 192 0
441 190 4 191 1
449 187 -1 191 1
460 188 2 192 1
443 186 -4 192 1
467 188 8 193 1
459 187 -2 195 1
468 184 -9 193 1
446 184 -1 194 1
461 183 -10 194 1
451 183 -10 195 1
438 184 -4 194 1
449 187 -16 194 1
465 188 -12 195 1
471 189 -5 195 1
451 181 -4 194 1
442 185 13 195 1
461 182 8 192 1
463 181 5 137 1
462 184 -10 -83 1
465 181 -7 -248 1
462 183 -8 -411 1
454 184 7 -256 1
455 185 -52 -331 1
465 187 -123 -411 1
412 206 -283 -480 1
-690 -210 -249 -122 1
-725 -496 -91 -66 1
-725 -587 -78 -46 1
-654 -643 -87 -17 1
-631 -550 -100 -44 1
-567 -306 -110 -68 1
-477 -214 -107 -59 1
-502 -137 -87 -52 0
-515 -80 -76 -48 0
-425 -114 -91 -31 0
-340 -191 -101 -22 0
-194 -249 -110 -8 0
-163 -282 -95 28 0
294 -146 -81 115 0
321 -62 -9 141 0
383 74 -4 154 0
412 170 2 158 0
417 185 8 162 0
417 176 -7 168 0
413 173 -13 172 0
412 173 -14 172 0
412 176 -8 173 0
417 175 -8 174 0
416 192 -5 180 0
405 196 6 180 0
431 203 13 180 0
442 199 15 175 0
411 192 8 177 0
409 187 0 183 0
413 184 -6 181 0
411 180 0 181 0
407 178 -11 186 0
415 177 -12 188 0
412 181 0 186 0
415 182 7 184 0
424 182 4 184 0
414 185 -5 186 0
407 187 -6 183 0
402 186 0 184 0
411 184 -1 185 0
415 183 -3 185 0
431 182 6 186 0
432 184 9 183 0
423 182 -8 157 0
421 180 -12 153 0
413 158 0 139 0
353 112 4 150 0
236 72 6 126 0
-100 40 4 60 0
-236 50 1 -34 0
-351 76 1 -105 0
-420 113 -5 -189 0
-489 131 -9 -248 0
-607 104 -4 -200 0
-616 83 -4 -185 0
-585 96 2 -185 0
-561 169 15 -118 0
-510 153 10 -112 0
-491 156 10 -83 0
-481 148 11 -58 0
-376 117 9 -27 0
-288 116 6 10 0
-196 143 5 27 0
-168 152 1 35 0
-133 140 -1 36 0
-176 142 -5 25 0
-193 140 -4 -4 0
-191 142 1 3 0
-108 157 6 43 0
322 172 2 122 0
396 180 -1 163 0
412 196 1 171 0
457 204 17 178 1
446 208 12 179 1
430 211 17 178 1
436 202 17 176 1
430 195 6 177 1
422 190 6 184 1
429 189 6 182 1
428 186 8 184 1
425 187 10 183 1
419 187 2 183 1
426 188 5 183 1
424 190 2 184 1
410 190 -3 181 1
410 186 -2 184 1
421 183 -6 184 1
413 180 -3 183 1
422 182 0 183 1
423 181 -10 185 1
416 184 -8 185 1
440 209 -3 74 1
431 211 24 -152 1
454 207 -30 -374 1
459 208 -70 -452 1
442 204 -84 -488 1
430 194 -119 -563 1
431 -28 -108 -478 1
432 -136 -97 -181 1
430 -254 -112 -84 1
432 -415 -111 -106 1
434 -404 -114 -241 1
421 -346 -119 -334 1
420 -399 -117 -257 1
436 -745 -114 82 0
423 -790 -188 88 0
452 -788 -187 112 0
466 -719 -173 127 0
455 -691 -174 138 0
450 -675 -181 142 0
431 -639 -182 147 0
419 -488 -183 147 0
422 -224 -162 149 0
423 37 -109 152 0
416 151 -21 154 0
416 169 -12 160 0
433 172 -11 159 0
434 171 -9 160 0
430 171 -7 159 0
1658 171 -17 159 1
436 195 -12 161 1
449 197 4 162 1
452 198 16 163 1
459 204 17 164 1
448 202 17 166 1
433 193 -3 163 1
419 185 -12 168 1
419 182 -14 169 1
428 179 -9 165 1
425 182 -20 166 1
426 183 -15 166 1
421 181 -8 166 1
430 179 -10 167 1
434 178 -10 168 1
439 179 -6 170 1
449 179 -9 166 1
443 178 -13 167 1
441 182 -7 160 1
432 189 -454 -752 1
417 187 -446 -847 1
423 188 -430 -895 1
442 196 -390 -882 1
427 200 -364 -815 0
431 187 -361 -734 0
440 188 -348 -667 0
442 186 -312 -608 0
427 187 -283 -586 0
412 178 -286 -491 0
405 719 -255 -345 0
391 -44 -225 -161 0
184 -35 -86 -15 0
146 -51 -78 -1 0
117 -62 -74 17 0
54 -81 -63 47 0
44 -28 -50 92 0
171 97 -20 131 0
355 165 2 149 0
435 176 -3 157 0
432 175 3 159 0
439 179 10 166 0
439 182 9 167 0
437 183 -3 168 0
435 183 3 169 0
431 180 13 165 0
428 179 3 168 0
445 179 0 171 0
441 180 -1 171 0
431 181 7 171 0
432 182 10 170 0
429 182 -4 167 0
438 178 -3 169 0
426 181 15 174 0
452 184 6 173 0
428 179 8 172 0
457 202 25 171 0
458 206 28 171 0
445 200 22 174 0
448 205 19 174 0
447 206 21 171 0
383 194 16 166 0
365 156 8 164 0
258 5 1 138 0
46 -35 1 -16 0
-41 -91 -5 -171 0
-79 -186 -18 -206 0
-70 -226 -17 -243 0
-88 -243 -18 -254 0
-120 -170 -11 -214 0
-118 -79 -3 -204 0
-69 -6 -22 -227 0
-88 -25 -27 -198 0
-105 -7 -27 -203 0
-150 -8 -17 -129 0
-169 -8 -18 -99 0
-190 1 -16 -89 0
-152 20 -7 -81 0
-59 51 -26 -60 0
-5 86 -29 -2 0
-13 91 -10 -17 0
-30 67 -8 -43 0
-70 10 2 -50 0
-104 -4 0 -61 0
-161 -7 -6 -59 0
-157 -7 -15 -64 0
-139 -28 -10 -48 0
-144 -117 -15 -33 0
-142 -111 -2 -26 0
43 -57 4 34 0
312 62 -3 155 0
426 151 -5 161 0
444 170 -8 165 0
449 175 5 169 0
443 173 9 170 0
453 176 10 167 1
443 176 4 169 1
443 176 -1 172 1
443 175 2 173 1
444 176 4 173 1
443 179 6 172 1
451 181 6 172 1
450 182 1 175 1
452 181 7 173 1
448 182 6 177 1
437 181 4 174 1
437 180 3 176 1
440 177 11 238 1
447 205 11 175 1
485 209 17 172 1
361 203 24 174 1
248 719 22 163 1
82 200 23 63 1
-514 205 12 -740 1
-500 208 25 -823 1
-483 210 27 -905 1
-439 210 37 -968 0
-416 197 27 -984 0
-389 187 16 -1002 0
-294 186 11 -927 0
-171 188 26 -855 0
-135 185 23 -873 0
-93 188 17 -903 0
-59 186 13 -868 0
-41 189 12 -833 0
-47 189 3 -837 0
-111 190 1 -834 0
-122 187 7 -831 0
-41 184 8 -809 0
57 185 -29 -714 0
164 185 -17 -632 0
216 185 8 -613 0
367 185 13 -454 0
495 182 5 -200 0
511 181 4 -16 0
511 186 6 41 0
504 185 8 66 0
522 183 5 72 0
522 209 17 91 1
529 211 29 91 1
538 209 29 86 1
534 208 26 88 1
536 206 28 90 1
538 210 32 90 1
538 204 17 91 1
531 191 13 96 1
536 192 9 95 1
532 189 12 97 1
533 187 6 99 1
525 187 12 101 1
513 188 9 104 1
515 190 7 99 1
521 188 8 103 1
528 182 2 102 1
519 185 -2 102 1
514 187 8 104 1
517 186 1 105 1
529 185 55 104 1
541 222 -236 -458 1
538 220 -273 -517 1
525 218 -305 -559 1
549 212 -341 -554 1
519 204 -360 -541 1
524 197 -365 -551 1
529 194 -374 -532 1
538 191 -391 -513 1
535 190 -406 -489 1
538 189 -405 -468 1
544 192 -393 -418 1
534 189 -396 -382 1
532 188 44666 -353 1
553 212 -402 -294 1
555 212 -404 -291 1
561 210 -411 -285 1
553 208 -407 -276 1
515 200 -406 -275 0
424 183 -380 -276 0
375 170 -335 -259 0
274 175 -293 -234 0
103 117 -247 -225 0
-159 129 -157 -199 0
-130 120 -148 -202 0
-166 719 -132 -196 0
-235 -162 -116 52 0
-151 -82 -7 -45 0
-11 62 -10 36 0
503 177 0 110 0
514 193 -3 118 0
510 189 -2 119 0
516 190 -7 120 0
506 201 -7 126 0
523 206 2 127 0
523 208 14 125 0
538 207 13 129 0
541 204 13 135 0
531 209 10 134 0
518 195 2 133 0
505 189 -1 133 0
530 187 -8 132 0
527 185 -14 135 0
520 187 -13 138 0
508 188 -3 134 0
511 188 0 131 0
524 188 -5 132 0
515 189 -4 133 0
515 190 -2 134 0
519 191 -4 136 0
514 190 -10 135 0
517 187 -8 132 0
530 187 1 134 0
525 184 -5 136 0
523 187 1 136 0
512 186 -1 137 0
514 185 -10 135 0
513 186 -16 134 0
523 187 -13 133 0
528 189 -2 133 0
529 187 0 136 0
531 187 -5 137 0
467 186 -2 109 0
402 174 1 80 0
275 129 -4 48 0
210 75 -19 -13 0
198 44 -37 -63 0
146 -2 -40 -82 0
72 -46 -21 -84 0
-1 -75 -4 -59 0
76 -98 12 -50 0
79 -64 13 -55 0
66 -54 4 -72 0
-30 -46 -8 -72 0
-64 -22 -23 -86 0
-72 -29 -32 -73 0
-56 -45 -24 -65 0
-92 -51 -18 -61 0
-83 -94 -13 -53 0
-33 -121 -9 -42 0
-26 -133 -4 -48 0
-66 -174 -1 -56 0
-44 -203 -1 -55 0
30 -207 -5 -41 0
81 -170 -10 -13 0
90 -141 -16 -5 0
33 -161 -3 3 0
-1 -143 -8 13 0
191 -49 -12 57 0
430 96 -18 109 0
519 167 -14 126 0
529 177 3 127 1
516 177 2 132 1
509 179 5 134 1
512 179 -6 137 1
524 180 0 136 1
528 184 5 135 1
516 186 -6 137 1
507 183 -10 137 1
513 182 3 133 1
519 181 -3 135 1
511 184 -2 136 1
502 186 -3 137 1
522 186 -2 135 1
528 183 1 135 1
526 184 -7 139 1
535 186 -5 141 1
537 186 3 138 1
512 187 7 135 1
527 188 4 141 1
529 187 -2 140 1
529 186 12 137 1
519 184 24 138 1
511 183 36 141 1
522 185 12 141 1
512 189 -82 110 1
1658 186 -75 -194 1
533 70 -121 -448 1
534 -51 -146 -379 1
542 -1 -240 -559 1
538 -21 -303 -661 1
525 -80 -345 -660 1
524 -122 -408 -651 1
522 -147 -496 -595 1
520 -203 -562 -488 1
516 -217 -628 -278 1
524 -225 -709 -196 1
523 -222 -758 -144 1
529 -214 -787 -111 1
528 -205 -821 -93 1
523 -183 -849 -41 0
526 -167 -843 -47 0
531 -136 -808 -74 0
522 -111 -761 -43 0
502 -89 -704 8 0
514 -45 -494 34 0
537 55 -309 56 0
532 212 -154 103 0
520 221 -84 108 0
525 229 -51 108 0
524 233 -39 110 0
531 234 -34 115 0
525 237 -35 114 0
512 239 -31 114 0
509 236 -28 114 0
509 235 -34 115 0
530 237 -33 115 0
523 238 -33 116 0
526 240 -28 115 0
529 237 -17 115 0
527 240 -26 116 0
532 242 -24 120 0
531 243 -18 121 0
536 719 -21 118 0
530 267 -16 120 0
564 270 -2 119 0
567 269 -2 117 0
545 267 0 113 0
554 261 0 116 0
543 257 -6 119 0
532 251 -11 118 0
529 249 -16 119 0
531 251 -14 120 0
518 254 -4 122 0
519 256 -14 122 0
524 257 -7 121 0
525 255 -14 122 0
534 252 -16 123 0
529 250 -18 149 0
519 264 -21 125 0
564 271 2 124 0
565 276 10 122 0
552 275 14 122 0
552 271 13 123 0
540 263 -16 124 0
527 253 -18 121 0
372 239 -13 122 0
261 88 -7 120 0
103 118 -8 -50 0
-39 135 -16 -141 0
-201 34 -27 -181 0
-342 27 -32 -245 0
-388 12 -24 -256 0
-377 -9 -20 -261 0
-346 -11 -34 -283 0
-311 -36 -35 -268 0
-263 -50 -31 -265 0
-327 -1 -36 594 0
-338 115 -28 -220 0
-275 106 -42 -209 0
-312 65 -37 -208 0
-303 72 -26 -122 0
-113 120 -6 41 0
510 237 -9 110 0
535 242 -9 115 0
536 241 -8 115 0
523 238 -13 123 0
533 239 -5 125 0
537 239 1 127 0
553 239 -10 125 0
526 242 1 123 0
514 239 -4 124 0
519 237 -7 126 0
525 237 -8 123 0
531 240 0 124 0
531 244 -2 126 0
517 241 -4 127 0
523 241 -6 129 0
531 241 -9 128 0
532 240 -18 128 0
530 237 -20 126 0
530 238 -16 130 0
519 241 -12 131 0
533 244 -7 128 0
521 244 -11 129 0
509 240 -14 132 0
499 243 -12 131 0
468 244 -8 130 0
357 230 -1 130 0
283 164 -7 130 0
144 52 -15 134 0
34 -18 -10 133 0
-54 -69 -21 120 0
84 -67 -43 78 0
-20 -114 -24 81 0
91 -64 -27 -33 0
114 -78 -58 -55 0
149 -83 -63 -73 0
122 -106 -67 -68 0
85 -117 -52 -76 0
-20 -100 -54 -78 0
1 -56 -60 -88 0
88 -228 -63 -51 0
118 -249 -61 -47 0
65 -268 -38 -33 0
48 -289 -33 -22 0
47 -293 -40 -27 0
73 -229 -64 -45 0
64 -223 -62 -47 0
67 -223 -63 -51 0
100 -221 -67 -45 0
139 -211 -70 -42 0
160 -182 -61 -38 0
272 -12 -69 -30 0
333 60 -77 50 0
365 82 -68 72 0
407 125 -41 97 0
476 172 -18 110 0
522 226 -12 118 0
517 230 -14 126 0
507 231 -13 128 0
502 232 -12 129 1
512 233 -8 128 1
523 234 -7 128 1
535 236 -6 127 1
532 236 -3 126 1
522 238 1 132 1
513 238 -1 129 1
519 240 -11 129 1
519 237 -13 130 1
511 234 -8 130 1
518 234 -13 129 1
519 237 -8 129 1
528 237 -4 130 1
519 237 -7 127 1
517 240 -9 131 1
523 237 -1 132 1
533 235 -8 130 1
523 237 -7 132 1
541 240 -9 133 1
535 238 -5 134 1
528 238 -13 135 1
529 241 -9 132 1
516 243 -7 134 1
541 241 1 132 1
532 245 0 137 1
527 245 2 135 1
533 238 -6 110 1
534 241 -14 -231 1
536 241 -12 -332 1
523 239 8 -338 1
532 238 -94 -345 1
528 242 -149 -293 1
530 242 -193 -334 1
532 237 -219 -433 1
521 236 -236 -522 1
384 237 -252 -573 1
361 240 -268 -636 1
1658 243 -291 -719 1
413 260 -301 -782 0
436 259 -327 -762 0
476 254 -332 -732 0
542 255 -348 -706 0
573 256 -351 -701 0
551 248 -361 -686 0
491 235 -324 -646 0
347 173 -243 -548 0
364 163 -228 -521 0
262 109 -176 -453 0
221 57 -156 -415 0
175 -20 -134 -343 0
183 -10 -104 -330 0
149 15 -89 -317 0
76 -37 -83 -242 0
75 -8 -85 -262 0
49 -9 -80 -239 0
23 -19 -69 -204 0
29 -36 -59 -171 0
77 -26 -52 -155 0
112 -13 -37 -102 0
230 125 -15 -21 0
437 209 -7 64 0
503 231 -10 92 0
522 237 -9 594 0
522 256 1 124 0
550 260 26 119 0
553 264 23 121 0
522 260 24 125 0
528 260 28 124 0
538 260 27 121 0
542 263 30 122 0
540 259 21 124 0
521 251 8 126 0
525 245 4 128 0
531 244 14 126 0
534 244 17 128 0
529 247 10 127 0
511 243 11 129 0
509 246 12 129 0
520 247 12 131 0
517 246 10 131 0
516 244 7 129 0
521 242 21871 128 0
377 252 32 131 0
352 229 19 118 0
360 164 3 97 0
360 15 -14 52 0
340 -119 -20 0 0
312 -294 -15 -31 0
255 -406 -18 -40 0
258 -360 -23 -52 0
211 -337 -18 -2 0
169 -313 -18 3 0
201 -271 -16 -5 0
191 -266 -10 10 0
206 -285 -16 16 0
234 -259 -12 16 0
282 -201 -13 51 0
267 -219 -19 53 0
239 -233 -9 45 0
228 -256 0 62 0
248 -264 -4 70 0
239 -203 -16 105 0
292 46 -5 119 0
357 156 6 127 0
498 213 5 129 0
513 223 2 129 0
524 230 14 130 0
531 233 11 131 0
530 235 13 131 0
528 229 11 128 0
547 253 24 133 0
562 253 22 132 0
562 254 25 128 0
561 261 22 131 0
539 262 17 132 0
543 263 18 131 0
533 256 13 129 0
519 246 11 128 0
513 244 10 132 0
525 241 4 133 0
525 238 6 140 0
532 240 17 137 0
528 242 13 133 0
516 241 -6 131 0
503 239 -4 132 0
523 237 7 133 0
527 237 9 129 0
509 237 8 132 0
454 236 3 133 0
373 237 3 134 0
158 216 10 133 0
19 63 7 137 0
-93 -59 2 132 0
-131 -88 2 42 0
-99 87 -22 -151 0
-135 67 -10 -125 0
-174 -25 -6 -95 0
-167 89 -19 -189 0
-212 130 -12 -222 0
-219 155 -20 -233 0
-230 153 -15 -233 0
-285 146 -5 -224 0
-256 138 -6 -223 0
-141 119 -10 -96 0
-115 65 19 -49 0
-79 39 15 -38 0
-44 25 10 -39 0
-30 20 7 -40 0
-39 62 4 -45 0
-49 103 2 -27 0
-5 106 -6 37 0
89 111 -1 75 0
285 166 10 103 0
449 203 8 118 0
512 225 1 125 0
532 227 -1 126 0
529 228 0 128 0
528 236 5 130 0
541 235 17 130 0
525 237 11 131 0
522 237 10 131 0
1658 234 7 131 0
552 262 3 134 1
555 260 25 137 1
552 256 31 135 1
550 260 29 132 1
551 256 24 132 1
545 245 15 135 1
550 241 10 136 1
529 240 14 134 1
533 237 52 133 1
518 239 -100 106 1
525 236 -197 -497 1
533 238 -184 -881 1
533 238 -231 -1181 1
524 236 -253 -1453 1
522 236 -212 -1540 1
526 235 -230 -1430 1
529 234 -387 -1311 1
526 236 -405 -1409 1
516 239 -418 -1407 1
522 241 -495 -1318 1
519 243 -565 -1234 1
515 243 -624 -1162 1
513 243 -708 -1122 1
533 244 -859 -1166 1
530 237 -923 -1099 1
547 255 -945 -828 0
544 258 -585 -853 0
545 263 -552 -831 0
532 256 -514 -781 0
519 242 -473 -751 0
515 241 -424 -667 0
522 244 -392 -589 0
531 242 -337 -523 0
339 144 -263 -446 0
326 125 -130 -370 0
333 181 -130 -388 0
204 132 -78 -306 0
-128 -95 -42 -315 0
-121 -176 -41 -328 0
-121 -201 -43 -320 0
-76 -180 -41 -305 0
-66 -142 -23 -265 0
-29 -4 -3 -140 0
201 183 0 41 0
521 232 -6 56 0
535 234 -4 67 0
530 230 -5 70 0
532 231 -5 74 0
521 238 -4 77 0
524 238 -5 83 0
519 238 -6 84 0
522 236 -14 85 0
520 233 -2 87 0
541 233 5 88 0
529 235 3 88 0
532 239 10 91 0
534 239 11 91 0
521 240 7 91 0
516 240 1 92 0
516 239 5 94 0
527 242 8 97 0
526 242 1 97 0
531 242 -5 96 0
523 239 -1 98 0
564 220 -6 82 0
564 181 20 69 0
537 109 20 60 0
511 -1 14 72 0
415 -65 6 54 0
371 -12 -2 5 0
250 72 -4 -173 0
-78 90 -4 -187 0
-36 102 -4 -198 0
-67 105 1 -193 0
-53 105 -22 -118 0
-26 128 -35 -220 0
53 87 -2 -222 0
-72 52 1 -213 0
-66 70 -3 -203 0
-79 99 -4 -164 0
-96 114 -8 -97 0
-102 142 3 -56 0
35 159 0 -65 0
80 152 -1 -41 0
139 138 -4 -2 0
139 77 -8 -24 0
118 40 1 -67 0
90 -3 0 -88 0
41 -10 -1 594 0
139 248 4 101 0
558 261 24 101 0
556 257 22 103 0
553 255 21 103 1
564 255 16 103 1
538 247 17 99 1
521 239 7 103 1
549 234 7 106 1
546 230 33 106 1
535 232 47 96 1
526 237 10 1 1
529 243 -37 -187 1
528 242 -81 -400 1
522 239 -137 -544 1
523 238 -197 -750 1
541 241 -202 -829 1
536 223 -206 -848 1
531 -531 -173 -448 1
540 -569 -233 -94 1
532 -695 -202 -151 1
518 -661 -163 -102 1
545 -678 -169 -20 1
569 -525 -178 -107 1
560 -441 -163 -170 1
567 -506 -174 -54 0
564 -576 -183 36 0
545 -627 -213 61 0
534 -671 -244 74 0
533 -657 -281 76 0
536 -561 -296 77 0
545 -443 -298 78 0
545 -331 -305 80 0
537 -225 -308 81 0
528 -161 -318 81 0
531 -115 -324 84 0
538 -99 -336 85 0
397 -58 -343 86 0
-6 34 -267 87 0
92 119 -220 91 0
352 136 -297 88 0
457 141 -293 87 0
590 145 -251 89 0
541 181 -115 93 0
553 180 -1 93 0
551 177 -3 93 0
539 176 -7 92 0
534 174 -9 91 0
522 172 -23 91 0
523 170 -22 92 1
527 168 -19 94 1
529 168 -21 95 1
525 164 -15 95 1
523 167 -7 92 1
533 166 -24 92 1
538 164 -21 97 1
543 188 -17 100 1
544 195 0 98 1
543 193 1 98 1
537 186 0 94 1
524 185 3 94 1
523 183 -1 97 1
519 175 -11 96 1
518 169 -16 98 1
526 172 -13 90 1
537 173 -15 21 1
523 173 -10 -91 1
521 174 -9 -281 1
529 172 -15 -606 1
533 172 -16 -885 1
538 170 -36 -841 1
524 168 28 -720 1
512 169 -67 -652 1
493 171 -187 -543 1
-108 171 -85 -469 1
8 175 -96 -485 1
-202 177 -88 -408 1
-360 174 14 -512 1
-449 174 39 -569 1
-429 176 28 -558 1
-395 178 28 -565 1
-363 178 24 -566 1
-358 174 10 -565 1
-349 169 21 -580 1
-335 169 29 -604 0
-337 173 24 -632 0
-358 172 4 -744 0
-385 173 -6 -792 0
-415 175 2 -808 0
-416 176 5 -770 0
-293 174 -2 -768 0
-209 175 -13 -118 0
-142 191 -8 -771 0
147 202 18 -696 0
169 199 16 -698 0
207 196 17 -642 0
364 192 10 -421 0
471 184 8 -147 0
519 177 3 -8 0
528 177 -7 32 0
542 176 -6 47 0
528 173 10 52 0
529 176 4 65 0
542 176 -8 70 0
553 172 -6 74 0
537 172 5 72 0
530 174 -3 76 0
522 175 -5 80 0
555 174 -8 87 0
563 175 0 90 0
558 174 -13 89 0
555 173 -11 86 0
545 174 -6 87 0
553 174 -12 88 0
542 174 -16 92 0
535 174 -8 90 0
540 174 -5 92 0
569 193 -11 95 0
570 191 10 100 0
585 196 8 104 0
574 203 15 99 0
576 204 14 94 0
555 193 13 101 0
560 182 -3 99 0
522 180 -9 99 0
524 178 -9 101 0
496 101 -11 102 0
465 45 -13 99 0
325 -20 -5 91 0
299 -63 -9 55 0
222 -103 -20 45 0
158 -167 -28 39 0
126 -150 -35 -68 0
63 -174 -39 -92 0
5 -188 -38 -115 0
-9 -197 -50 -124 0
0 22 -49 -101 0
-187 26 -6 -112 0
-104 -11 -11 -120 0
-53 -52 -27 -100 0
-35 -116 -22 -102 0
-43 -144 -36 -104 0
-88 -211 -33 -74 0
-103 -103 -27 -28 0
-132 77 -12 44 0
95 152 -16 84 0
511 163 -2 100 0
538 165 -1 101 0
537 168 -14 102 0
533 171 -21 100 0
532 169 -22 103 0
544 181 -16 106 0
575 190 11 107 0
581 193 8 109 0
562 197 6 109 0
553 192 9 108 0
555 183 7 106 1
534 177 5 105 1
523 175 -1 107 1
532 176 -5 106 1
545 175 -5 106 1
560 177 -4 109 1
551 175 -8 114 1
535 176 -9 116 1
528 192 -12 -593 1
550 197 -257 -764 1
582 197 -342 -767 1
564 192 -544 -652 1
555 187 -638 -618 1
540 175 -721 -636 1
541 175 -761 -655 1
532 174 -776 -740 1
543 174 -791 -808 1
550 179 -773 -882 1
541 180 -801 -1009 1
547 180 -825 -1113 1
541 180 -805 -1250 1
551 179 -753 -1321 1
551 180 -762 -1347 1
546 178 -729 -1370 1
538 719 -570 -1420 1
542 195 -502 -1387 0
568 197 -347 -1180 0
557 196 -334 -1024 0
565 193 -303 -1012 0
577 195 -273 -996 0
558 193 -263 -1028 0
553 187 -240 -1079 0
548 182 -232 -1069 0
544 182 -239 -954 0
348 174 -177 -1004 0
195 80 -115 -992 0
32 24 -68 -846 0
-85 -28 -31 -711 0
-198 -42 -7 -567 0
-244 -42 6 -558 0
-283 21 -7 -511 0
-289 80 3 -381 0
-11 141 13 -196 0
342 161 25 -3 0
500 168 20 72 0
524 170 23 102 0
539 172 28 107 0
551 171 29 114 0
543 173 28 123 0
553 172 31 125 0
552 173 29 128 0
542 192 28 143 0
547 194 30 142 0
540 195 32 141 0
559 197 39 140 0
563 199 47 142 0
554 189 48 143 0
560 184 29 144 0
557 176 33 147 0
546 180 34 148 0
552 182 31 148 0
545 184 29 148 0
535 184 35 147 0
548 181 23 152 0
545 181 18 152 0
499 176 14 154 0
423 140 34 153 0
149 -364 27 132 0
196 -419 -13 120 0
167 -427 -20 119 0
170 -449 -25 131 0
180 -416 -36 121 0
161 -366 -43 111 0
174 -363 -59 99 0
203 -356 -73 98 0
154 -329 -54 97 0
148 -327 -47 102 0
117 -319 -41 108 0
97 -299 -50 104 0
86 -312 500 113 0
476 51 23 148 0
544 168 34 150 0
550 187 39 147 0
547 188 44 149 0
584 202 39 157 0
581 205 45 159 0
581 202 47 156 0
571 202 44 153 0
553 197 41 152 0
554 189 38 153 0
549 184 38 158 0
538 160 18 160 0
533 126 22 163 0
497 89 26 165 0
401 27 29 165 0
118 -46 36 165 0
14 -159 35 168 0
-5 -223 23 161 0
3 -328 19 140 0
-10 -484 7 133 0
100 -568 -7 74 0
91 -466 -9 -11 0
94 -450 -10 -2 0
105 -390 -12 -13 0
113 -312 -25 -10 0
101 -263 -35 1 0
179 -244 -38 5 0
193 -225 -32 11 0
211 -222 -30 9 0
168 -256 -21 29 0
198 -288 -20 42 0
223 -315 -30 55 0
195 -317 -31 55 0
147 -324 -17 78 0
141 -232 -9 100 0
271 -128 -11 124 0
398 -14 -2 144 0
509 97 19 158 0
528 152 22 160 0
531 165 31 161 1
526 166 28 162 1
533 173 23 160 1
533 175 33 161 1
538 175 31 162 1
532 178 30 163 1
541 178 21 165 1
545 177 23 165 1
553 209 21 164 1
560 208 37 166 1
557 209 48 171 1
548 211 46 174 1
540 215 36 170 1
550 207 48 160 1
531 197 79 127 1
527 188 54 -102 1
532 188 8 -419 1
547 188 -35 -690 1
551 188 -72 -884 1
547 191 -113 -1121 1
537 193 -153 -1242 1
526 191 -181 -1331 1
540 189 -171 -1387 1
540 189 -153 -1415 1
532 189 -147 -1347 1
540 193 -139 -1224 1
535 191 -136 -1110 1
530 191 -142 -1016 1
536 192 -150 -956 1
539 189 -205 -896 0
546 185 -245 -788 0
557 187 -253 -704 0
528 193 -252 -631 0
529 194 -252 -568 0
539 197 -246 -524 0
482 188 -242 -394 0
292 152 -168 -388 0
177 150 -154 -394 0
73 100 -98 -359 0
5 66 -89 -346 0
-44 29 -75 -324 0
-100 -5 -61 -307 0
-128 10 -51 -295 0
-111 25 -45 -278 0
-105 48 -36 -253 0
-52 81 -31 -191 0
128 146 -1 -103 0
431 182 -11 50 0
506 189 -11 64 0
528 189 -8 67 0
535 192 -8 69 0
546 188 -15 70 0
537 189 -8 75 1
532 189 2 78 1
539 192 -8 83 1
534 191 -14 83 1
530 187 -13 85 1
526 190 -7 87 1
532 191 -5 89 1
524 190 -2 89 1
539 191 -1 89 1
544 195 -10 87 1
540 196 0 88 1
541 196 2 91 1
535 196 -5 93 1
527 196 -6 93 1
530 216 5 94 1
552 219 16 95 1
547 217 18 96 1
552 211 24 100 1
562 218 50 92 1
550 216 106 -91 1
541 206 53 -493 1
527 199 64 -650 1
525 197 18 -886 1
532 198 1 -963 1
545 198 4 -991 1
538 197 4 -937 1
542 195 5 -937 1
548 198 31 -920 1
536 194 -5 594 1
534 218 -32 -943 1
562 220 -232 -938 1
560 220 -272 -882 1
565 221 -294 -832 1
563 220 -304 -837 1
559 208 -308 -851 1
551 200 -315 -814 0
536 198 -346 -753 0
535 199 -360 -696 0
540 193 -356 -561 0
240 149 -254 -489 0
245 132 -208 -499 0
135 141 -193 -471 0
36 73 -143 -420 0
-11 -10 -119 -340 0
-63 -10 -76 -342 0
-158 -6 -48 -265 0
-181 10 -36 -232 0
-136 5 -34 -191 0
-148 -32 -31 -140 0
-249 -69 -19 -176 0
-225 -179 -27 -220 0
-98 -227 -32 -145 0
184 -82 -3 -11 0
520 104 1 67 0
519 175 8 98 0
541 188 -2 105 0
533 187 -6 108 0
521 188 -11 110 0
518 190 -1 114 0
524 188 -3 119 0
531 189 -8 123 0
534 190 -7 126 0
528 187 -6 128 0
543 190 -4 131 0
521 189 10 129 0
527 191 8 125 0
526 190 1 132 0
519 191 -1 136 0
537 190 -5 137 0
550 193 -5 134 0
544 193 -2 134 0
534 192 -11 137 0
543 193 -10 136 0
543 193 -4 135 0
532 193 -13 135 0
537 192 -3 136 0
528 190 -1 137 0
528 191 -3 136 0
526 183 9 123 0
539 149 11 119 0
526 103 -2 101 0
524 54 -9 56 0
486 35 -3 20 0
381 -15 8 -19 0
243 -77 6 -29 0
82 15 3 -129 0
13 50 -6 -168 0
-47 17 3 -142 0
-59 20 1 -155 0
-24 38 -12 -188 0
8 26 -9 -183 0
44 14 -6 -188 0
52 6 -7 -186 0
63 2 -13 -186 0
58 -3 -12 -187 0
9 -25 -10 -126 0
-34 -63 -11 -101 0
-56 -92 -17 -107 0
-106 -118 -17 -101 0
31 -99 -11 -54 0
202 -68 -8 23 0
339 -23 -4 106 0
453 104 -2 127 0
515 186 7 132 0
521 188 9 135 0
530 186 5 136 0
521 190 11 136 0
524 193 10 141 0
533 187 5 138 0
526 189 8 135 0
521 185 -1 139 0
521 185 7 140 0
528 187 16 144 0
534 188 2 142 0
543 188 -1 140 0
536 191 8 142 0
546 195 0 143 0
560 194 -6 144 0
546 195 -5 145 0
540 196 0 143 0
543 197 0 146 0
537 195 -5 144 0
545 194 6 143 0
549 194 1 144 0
555 194 -7 142 0
554 195 -3 145 0
558 193 -11 142 0
541 193 -2 144 0
525 196 5 147 0
539 194 0 149 0
548 195 -2 149 0
542 193 -1 147 0
541 193 4 147 0
540 187 1 143 0
541 147 -5 125 0
243 106 -9 86 0
153 104 -18 -127 0
16 23 -5 -97 0
-10 9 -11 -119 0
12 32 -21 -147 0
22 23 -2 -138 0
39 21 -3 -136 0
56 14 -3 -142 0
127 122 -1 -166 0
66 74 -3 -111 0
38 43 23 -56 0
41 33 24 -28 0
15 62 18 -20 0
16 69 -1 -42 0
74 5 6 8 0
551 205 18 141 0
539 208 22 140 1
523 206 18 144 1
521 719 12 143 1
535 213 2 142 1
569 216 24 146 1
560 218 22 144 1
546 216 27 137 1
548 218 23 143 1
548 209 21 144 1
545 202 12 148 1
540 196 8 151 1
536 197 17 149 1
544 197 11 117 1
534 199 14 35 1
543 192 8 39 1
544 192 9 -62 1
543 191 11 -314 1
545 193 9 -557 1
544 198 32 -6 1
539 191 -30 116 1
537 190 -54 117 1
544 192 -24 -370 1
534 192 -2 -519 1
534 194 -5 -319 1
547 193 -16 -94 1
532 191 -45 -194 1
528 191 -75 -551 1
539 192 -102 -730 1
537 191 -126 -609 1
542 189 -148 -694 1
389 190 -142 -872 1
-237 190 -87 -918 1
-568 188 -4 -932 1
-526 178 -6 -1026 1
-495 -132 -10 -721 1
1658 -771 -11 -359 0
-472 -754 -12 -430 0
-466 -680 21 -469 0
-469 -565 19 -507 0
-488 -607 12 -422 0
-491 -681 11 -354 0
-520 -668 8 -343 0
-542 -553 5 -332 0
1650 -434 0 -374 0
-486 -395 -3 -332 0
-394 -334 -2 -331 0
-160 -267 3 -297 0
242 -185 9 -201 0
448 -10 7 -90 0
459 108 -4 30 0
465 137 -13 108 0
470 151 -11 116 0
468 160 0 123 0
466 166 -1 131 0
476 166 -4 136 0
473 169 -3 144 0
488 172 6 148 0
466 174 -6 149 0
466 174 4 152 0
481 175 10 154 0
482 177 2 157 0
495 178 -9 160 0
489 175 -8 160 0
483 174 -4 159 0
484 180 -4 160 0
482 183 0 162 0
481 184 8 164 0
480 182 11 166 0
478 184 1 168 0
477 184 3 169 0
489 186 -3 171 0
498 184 -2 171 0
491 182 -1 180 0
476 182 -4 178 0
477 183 -5 176 0
484 183 -10 175 0
485 184 4 174 0
484 182 -15 171 0
396 183 -6 175 0
297 184 6 137 0
294 172 -27 18 0
127 125 -20 -27 0
-14 50 -6 -88 0
-31 -57 -9 -146 0
-83 -133 -17 -166 0
-101 -124 -24 -191 0
-94 -114 -26 -188 0
-84 -83 -21 -180 0
3 -53 -16 -163 0
48 -32 -23 -150 0
60 -30 -28 -137 0
55 -65 -32 -123 0
26 -79 -17 -99 0
-41 -55 -4 -69 0
-16 0 -13 -49 0
22 -8 -5 -54 0
25 -23 3 -51 0
1 -30 7 -64 0
-54 -44 0 -69 0
-150 -43 -3 -74 0
-152 -67 -24 -81 0
-164 -84 -24 -74 0
-188 -87 -13 -37 0
-89 -71 -17 24 0
107 4 -10 101 0
359 128 -12 130 0
460 168 -10 147 0
471 171 -9 158 0
493 173 -9 163 0
494 170 -5 165 0
484 173 -8 164 0
484 178 -9 162 0
496 178 -7 163 0
489 178 -9 165 0
516 196 -5 169 0
509 203 13 169 0
497 206 11 169 0
509 196 14 171 0
527 198 16 177 0
511 201 16 177 0
490 203 18 175 0
500 204 17 174 0
511 205 8 176 0
513 192 -1 175 0
488 186 -1 175 0
494 185 -7 174 0
494 183 -5 175 0
494 182 -1 178 0
505 186 -6 181 0
505 189 -10 180 0
496 190 -1 179 0
496 187 2 178 0
421 188 6 177 0
237 187 7 182 0
23 183 -8 183 0
-149 177 -14 139 0
-162 137 -9 72 0
-219 15 -7 80 0
-184 -116 -5 9 0
-123 -90 -12 -134 0
-196 -44 -8 -294 0
-223 3 10 -303 0
-227 28 9 -296 0
-243 25 10 -282 0
-287 30 6 -283 0
-341 12 -3 -280 0
-355 -22 -8 -250 0
-401 -41 -7 -205 0
-368 -36 -6 -277 0
-325 -41 -3 -285 0
-292 -76 -3 -261 0
-266 -32 4 -235 0
-262 -18 2 -190 0
-303 -9 -6 -147 0
-331 33 -5 -143 0
-254 33 -6 -88 0
-162 9 -5 -20 0
47 55 -13 39 0
227 74 -19 116 0
423 139 -8 170 0
1658 168 -9 171 0
517 205 -15 178 1
507 206 14 177 1
506 205 15 181 1
498 199 15 184 1
501 193 10 183 1
506 190 2 188 1
502 205 -2 182 1
522 211 16 186 1
521 208 16 185 1
519 208 25 184 1
513 208 17 185 1
510 208 5 186 1
507 203 4 186 1
496 184 -1 185 1
493 190 -3 183 1
485 189 -4 185 1
489 189 16 184 1
490 190 44 185 1
489 191 34 193 1
482 9 -46 -472 1
509 -430 -68 -200 1
508 -559 -82 -103 1
503 -616 -52 -206 1
490 -516 -41 -287 1
487 -590 -30 -217 1
500 -606 -49 -164 1
506 -571 -36 -157 1
498 -589 -47 -110 1
491 -585 -62 -60 1
498 -554 -59 -40 0
494 -510 -48 -42 0
500 -448 -35 -64 0
496 -464 -33 -29 0
485 -515 -21 39 0
494 -543 -11 77 0
504 -534 -11 89 0
510 -518 -8 104 0
502 -526 -27 87 0
503 -479 -49 90 0
502 -493 -55 117 0
493 -483 -78 139 0
499 -500 -72 148 0
491 -523 -63 156 0
499 -524 -63 153 0
507 -474 -65 111 0
492 -252 -82 -31 0
491 -237 -78 -87 0
495 -234 -55 29 0
494 -73 -26 110 0
483 62 -22 146 0
486 122 -12 151 0
488 160 -22 159 0
504 164 -22 161 1
503 167 -6 162 1
503 168 -8 162 1
495 169 1 160 1
495 168 -1 163 1
491 169 -7 162 1
496 719 -6 162 1
491 202 55 165 1
503 198 8 163 1
510 197 6 166 1
514 201 14 164 1
516 203 18 167 1
515 201 13 168 1
514 197 11 171 1
519 188 1 169 1
511 180 -14 159 1
486 178 -21 100 1
500 179 -26 -17 1
504 180 -68 -235 1
508 177 -107 -640 1
501 178 -139 -810 1
488 178 -193 -898 1
501 181 -214 -945 1
499 180 -221 -1013 1
488 177 -233 -1068 1
479 178 -233 -1018 1
485 174 -235 -980 1
502 177 -250 -965 1
480 176 -250 -958 1
489 177 -242 594 1
489 -482 -215 -326 1
211 -553 -90 -194 1
-24 -443 -35 -66 0
1 -365 -43 -48 0
7 -173 -46 -45 0
-30 -136 -43 -28 0
141 -131 -56 11 0
327 -95 -49 160 0
454 27 -13 188 0
496 165 -7 197 0
488 170 -9 204 0
494 171 -13 208 0
476 173 -11 214 0
488 176 -5 218 0
1658 177 -6 224 0
506 198 -4 232 0
500 199 4 234 1
502 204 2 234 1
511 204 -2 235 1
494 195 4 235 1
493 187 -5 239 1
510 183 4 237 1
498 183 2 238 1
477 185 -8 242 1
485 183 -2 240 1
488 184 -10 241 1
484 182 -5 242 1
512 182 -13 243 1
522 199 -8 152 1
520 202 7 52 1
519 203 13 -29 1
472 201 12 -54 1
172 208 17 -75 1
-296 206 13 -100 1
-525 186 2 -399 1
-428 181 -4 594 1
-372 204 -15 -940 1
-374 206 12 -918 1
-456 200 8 -872 1
-450 200 16 -814 1
-418 176 7 -706 0
-200 -271 -4 -275 0
-91 -984 -9 -38 0
-182 -845 -12 -255 0
-71 -1001 -6 -278 0
33 -1123 0 -308 0
116 -1193 3 -308 0
145 -1259 6 -274 0
149 -451 8 -426 0
-87 -340 10 -454 0
-177 -239 16 -467 0
-181 -225 19 -446 0
-168 -249 16 -423 0
-153 -231 -3 -414 0
-151 -265 -7 -358 0
-104 -347 -4 -293 0
-71 -383 1 -248 0
1 -397 -1 -178 0
163 -274 2 101 0
467 -7 -1 155 0
456 136 -6 166 0
450 160 -6 170 0
474 165 3 175 0
487 168 -7 181 1
471 171 -10 185 1
468 175 -13 187 1
468 180 -9 187 1
457 183 -3 189 1
472 181 -5 188 1
473 181 2 187 1
476 184 6 190 1
471 182 -1 195 1
476 182 -3 197 1
481 187 5 194 1
494 190 -2 191 1
492 187 -10 192 1
484 184 0 188 1
482 181 44 183 1
482 178 -46 183 1
477 363 -214 180 1
472 212 -291 167 1
392 207 -201 -836 1
405 212 -228 -951 1
418 209 -244 -1059 1
441 203 -228 -1076 1
472 203 -202 -1118 1
477 204 -178 -1169 1
485 197 -161 -1205 1
478 189 -169 -1225 1
487 189 -143 -1208 1
475 191 -131 -1175 1
483 -232 -22 -718 1
472 -290 -14 -635 0
477 -349 -9 -611 0
478 -330 3 -612 0
481 -339 10 -584 0
476 -357 9 -564 0
467 -381 3 -528 0
421 -444 0 -472 0
346 -583 -3 -401 0
319 -703 1 -364 0
317 -775 -6 -357 0
946 -874 -19 -371 0
505 -840 -17 -343 0
516 -619 22 -293 0
497 -306 27 -156 0
491 31 21 57 0
487 128 17 173 0
482 142 16 196 0
474 160 20 212 0
485 168 18 219 0
494 171 14 224 0
490 171 9 225 0
475 175 15 226 0
476 178 10 231 0
473 181 15 235 0
486 182 17 239 0
500 185 13 237 0
502 184 5 237 0
491 179 8 237 0
491 180 8 240 0
487 184 6 243 0
477 184 1 243 0
487 189 2 245 0
472 189 3 245 0
490 189 6 249 0
505 189 -2 252 0
483 191 -1 250 0
473 193 7 250 0
450 191 12 248 0
442 194 5 252 0
342 193 4 254 0
269 178 6 253 0
200 144 9 255 0
98 112 22 253 0
4 55 23 244 0
-117 8 16 214 0
-154 -11 13 173 0
-185 -68 18 173 0
-221 -53 13 155 0
-229 -26 9 59 0
-258 -3 8 3 0
-269 41 -8 -53 0
-272 63 -12 -74 0
-274 49 -18 -81 0
-267 100 -11 -29 0
-140 118 -12 -108 0
-185 129 -3 -114 0
-164 122 4 -117 0
-138 99 -4 -107 0
-163 67 -1 -43 0
-163 59 4 54 0
-180 2 6 199 0
-107 54 9 182 0
165 158 14 210 0
478 189 12 240 0
490 191 9 245 0
488 191 10 245 0
480 195 9 248 0
482 190 6 252 1
489 191 12 250 1
495 196 11 250 1
491 196 15 254 1
486 198 35 243 1
472 194 -1 160 1
481 194 -71 -213 1
486 197 -171 -339 1
485 196 -266 -516 1
480 197 -318 -722 1
490 201 -432 -886 1
492 198 -550 -897 1
486 198 -637 -796 1
478 198 -686 -820 1
490 196 -700 -854 1
498 194 -667 -836 1
500 199 -614 -767 1
474 199 -3767 -724 1
471 200 -35117 -635 1
472 199 -436 -570 1
487 200 -418 -554 1
482 223 -420 -528 1
515 222 -380 -405 1
519 221 -382 -381 1
523 223 -382 -347 1
424 226 -316 -335 1
279 213 -300 -354 1
294 209 -295 -335 1
233 208 -259 -290 0
88 207 -202 -307 0
-23 205 -150 -308 0
-54 208 -124 -308 0
-112 203 -77 -301 0
-141 197 -50 -295 0
-188 198 -37 -260 0
-179 160 -25 -270 0
-131 42 0 -259 0
-95 -156 11 -160 0
-66 -260 9 -120 0
-48 -298 17 -104 0
-1 -292 18 -87 0
-145 -285 20 -91 0
-342 719 15 -192 0
-429 123 14 -268 0
433 195 38 96 0
494 208 30 126 0
488 211 33 141 0
495 214 39 142 0
487 208 32 145 0
483 200 40 147 0
478 199 26 150 0
486 199 18 150 0
493 199 16 155 0
487 200 22 157 0
488 199 19 156 0
488 202 31 155 0
494 200 29 151 0
490 199 23 153 0
489 201 19 153 0
494 197 11 158 0
499 193 26 160 0
508 192 13 161 0
497 200 19 165 0
497 201 16 165 0
492 201 23 160 0
486 202 30 163 0
490 199 17 166 0
488 200 12 171 0
494 210 27 131 0
504 198 6 112 0
523 130 1 127 0
409 56 -23 128 0
375 -3 -63 105 0
380 -124 -78 96 0
304 -255 -74 113 0
249 -235 -61 112 0
267 -195 -80 95 0
232 -216 -81 108 0
179 -231 -72 123 0
182 -224 -77 112 0
195 -229 -85 109 0
261 -213 -113 93 0
280 -266 -100 108 0
248 -287 -86 125 0
233 -283 -88 125 0
245 -294 -84 126 0
246 -301 -93 128 0
242 -306 -91 124 0
241 -317 -85 123 0
241 -246 -76 133 0
236 -121 -69 140 0
268 38 -40 148 0
338 163 -9 155 0
432 191 6 156 0
478 194 11 157 0
486 192 8 157 0
496 196 3 160 0
499 194 13 161 0
492 197 13 158 0
482 199 16 160 0
490 199 19 164 0
499 203 19 164 0
489 195 11 163 0
491 198 14 159 0
510 215 31 165 0
515 222 38 165 0
510 226 37 167 0
514 223 40 163 0
510 223 39 159 0
500 223 31 167 0
492 222 25 164 0
498 208 17 163 0
506 207 20 164 0
502 209 26 167 0
488 205 27 167 0
490 203 24 169 0
488 207 15 168 0
202 115 24 48 0
56 23 12 30 0
-8 7 22 20 0
-16 27 20 -37 0
-41 2 6 -57 0
-26 -11 -6 -65 0
-10 -26 -20 -79 0
-39 -36 -16 -84 0
-80 -45 -17 -75 0
-87 -60 -20 -79 0
-73 -65 -32 -94 0
-97 -66 -33 -100 0
-111 -78 -30 -97 0
-128 -102 -25 -72 0
-150 -133 -26 -66 0
-161 -152 -25 -68 0
-145 -161 -12 -50 0
-73 -99 -13 -22 0
10 -38 -15 -15 0
144 18 -8 10 0
317 85 3 90 0
467 156 12 147 0
490 190 11 155 0
497 195 17 160 0
477 198 23 160 0
479 198 28 162 0
492 198 20 162 0
494 198 15 161 0
497 199 21 163 0
487 199 23 163 0
488 201 16 164 0
486 203 18 165 0
479 199 17 164 0
478 199 18 164 0
479 202 15 164 0
527 221 12 163 0
515 225 30 163 0
509 226 32 165 0
526 226 33 166 0
511 224 31 169 0
504 217 29 169 0
506 211 16 169 0
508 207 10 169 0
491 207 23 170 0
504 207 29 168 0
477 209 24 167 0
368 206 18 170 0
238 160 17 157 0
248 79 -18 45 0
-29 40 -25 -25 0
-64 -12 -9 -7 0
-69 -21 -7 -35 0
-124 -28 -10 -38 0
-107 4 -21 -69 0
-94 -7 -23 -82 0
-88 -16 -14 -95 0
-59 -30 -15 -93 0
-37 -48 -18 -92 0
-51 -60 -17 -89 0
-89 -91 -10 -81 0
-162 -101 -6 -70 0
-179 -107 -6 -53 0
-143 -106 -10 -56 0
-149 -105 -8 -50 0
-148 -99 -2 -47 0
-106 -88 -9 -65 0
-69 -40 -17 -41 0
57 41 -4 49 0
435 141 10 137 0
485 187 12 156 0
489 192 15 156 0
492 197 15 157 0
489 202 24 162 0
483 202 13 164 0
489 204 16 164 0
492 203 21 163 0
484 205 15 165 0
484 205 20 168 0
488 198 18 166 0
487 200 16 165 0
492 204 14 166 0
494 202 25 165 0
510 227 38 162 0
516 216 27 162 0
523 221 30 163 0
526 222 32 165 0
518 224 36 167 0
506 214 38 167 0
493 209 32 169 0
496 208 23 170 0
491 209 22 172 0
483 208 21 171 0
501 204 12 172 0
441 202 21 168 0
364 184 16 154 0
274 143 15 103 0
139 112 19 32 0
-1 141 23 594 0
-157 34 25 -176 0
-148 52 29 -180 0
-140 58 37 -188 0
-102 64 38 -197 0
-77 37 21 -181 0
-130 -14 19 -160 0
-154 -11 19 -180 0
-158 7 7 -179 0
-162 14 12 -180 0
-186 41 12 -194 0
-208 55 15 -193 0
-200 56 12 -131 0
106 103 16 -59 0
378 162 16 85 0
478 197 9 158 0
475 195 16 163 0
484 201 15 164 0
489 200 20 168 0
497 201 14 167 0
497 201 19 168 0
501 199 25 167 0
490 202 19 166 0
491 204 20 165 0
485 205 20 169 0
488 205 19 170 0
486 202 16 170 0
485 200 20 170 0
489 202 15 171 0
486 202 8 169 0
501 203 14 170 0
493 201 16 174 0
259 158 18 169 0
170 8 16 166 0
195 -8 -39 62 0
218 55 -59 19 0
72 -7 -26 34 0
108 28 -40 -9 0
82 44 -38 -16 0
76 41 -24 -18 0
66 -8 -34 -19 0
1 -56 -22 -9 0
-46 -63 -23 -34 0
-119 -143 -15 -18 0
-135 -202 -11 -13 0
112 -85 -38 3 0
177 30 -16 43 0
134 24 -18 45 0
110 0 -11 47 0
96 -1 -7 48 0
95 -1 -19 57 0
65 -20 -22 62 0
53 -56 -27 54 0
493 199 13 164 0
492 215 30 166 1
493 214 15 167 1
486 205 15 167 1
477 201 34 169 1
487 199 30 166 1
503 205 18 166 1
496 199 13 166 1
491 202 14 170 1
500 200 12 169 1
488 201 16 166 1
482 198 17 169 1
482 199 19 -344 1
1658 201 20 -539 1
490 216 -56 -348 1
492 221 -384 -302 1
482 214 -221 -639 1
485 203 -247 -694 1
490 207 -251 -948 1
-909 204 -21 -905 1
-1211 206 -7 -994 1
-851 -76 22 -955 1
-751 -321 19 -753 1
-716 -109 8 -783 0
-380 -239 7 -598 0
-325 -252 9 -554 0
-264 -125 5 -537 0
-212 -87 5 -533 0
223 52 6 -366 0
419 196 2 160 0
433 194 4 176 0
433 196 2 188 1
428 196 -6 192 1
436 194 -14 197 1
455 197 -7 201 1
438 197 0 210 1
443 198 -1 208 1
438 199 -5 210 1
441 197 -3 209 1
462 198 -7 210 1
453 200 -8 208 1
444 205 -4 211 1
440 202 2 211 1
455 204 2 213 1
448 203 7 219 1
445 201 8 218 1
444 202 17 217 1
447 201 12 166 1
442 197 9 -294 1
448 198 -9 -337 1
461 199 -21 -468 1
447 204 -40 -365 1
460 204 -56 -431 1
452 204 -83 -439 1
446 203 -82 -417 1
446 205 -67 -460 1
459 231 -75 -489 0
472 228 -62 -515 0
461 228 -57 -529 0
454 224 -76 -540 0
457 210 -136 -555 0
468 206 -144 -539 0
446 204 -153 -524 0
469 195 -156 -400 0
436 203 -148 -248 0
159 116 -47 -78 0
84 110 -22 -64 0
36 25 1 -1 0
31 -20 1 28 0
61 40 -13 63 0
379 138 -20 127 0
449 193 2 156 0
441 199 2 179 0
447 196 7 186 0
449 196 -1 192 1
440 197 -5 193 1
449 199 0 192 1
466 200 -6 194 1
455 204 -5 193 1
451 202 3 193 1
455 204 3 194 1
468 199 7 197 1
461 200 17 197 1
460 203 18 201 1
462 204 12 201 1
462 200 0 201 1
461 201 7 200 1
461 200 8 201 1
479 203 12 197 1
472 202 9 197 1
465 200 -30 -185 1
1658 208 -59 -352 1
477 223 -76 -355 1
473 -58 -43 -51 1
452 -18 -86 -232 1
455 -48 -109 -113 0
456 -32 -111 594 0
457 -88 -82 63 0
483 -134 7 112 0
481 -143 -3 132 0
454 -146 -3 132 0
474 -147 -8 130 0
467 -159 -14 126 0
455 -143 -42 120 0
476 -127 -79 99 0
472 -70 -103 21 0
472 -103 -69 30 0
468 -14 4 95 0
460 140 10 150 0
452 193 16 183 0
472 223 34 183 0
478 223 30 186 0
472 224 28 187 0
476 226 36 187 0
470 226 35 192 0
470 221 22 190 0
460 207 14 187 0
453 202 17 186 0
455 205 25 189 0
463 208 25 191 0
464 208 24 194 0
458 211 19 191 0
466 208 24 190 0
448 207 18 189 0
455 208 11 190 0
451 206 12 191 0
463 207 13 197 0
1654 208 18 196 0
81441 204 13 193 0
462 207 17 191 0
463 211 20 193 0
475 210 13 180 0
463 210 17 150 0
473 205 10 134 0
465 123 2 111 0
456 52 2 84 0
445 21 -12 70 0
333 -16 -5 101 0
264 -84 5 92 0
168 -88 -2 96 0
129 -104 -6 93 0
106 -92 -17 75 0
102 -105 -30 64 0
101 -92 -29 53 0
74 -71 -9 56 0
78 -67 -8 58 0
126 -84 -34 32 0
28 -118 -42 30 0
-20 -166 -20 48 0
-107 -202 -26 43 0
-295 -263 -30 35 0
-478 -367 -27 50 0
-581 -375 -36 18 0
-691 -375 -70 -182 0
234 -456 -66 -40 0
470 203 11 193 0
476 211 31 193 0
479 213 37 194 0
476 213 32 190 0
468 208 23 194 0
471 200 20 198 0
479 198 14 197 0
461 195 17 196 0
448 199 6 194 0
464 200 6 195 0
465 197 14 196 0
463 200 12 199 0
465 199 20 197 0
474 201 15 197 0
460 197 5 199 0
450 196 15 199 0
459 199 12 196 0
474 198 16 196 0
468 197 17 198 0
464 198 23 197 0
463 197 12 196 0
469 194 10 198 0
464 197 15 202 0
460 200 13 203 0
467 203 20 199 0
428 88 27 200 0
380 50 5 195 0
384 -28 -30 188 0
254 -107 -47 151 0
127 -189 -51 139 0
70 -297 -49 137 0
83 -371 -74 118 0
32 -425 -81 96 0
-11 -510 -85 95 0
-35 -572 -84 99 0
-41 -537 -91 87 0
-20 -492 -87 90 0
59 -439 -86 87 0
105 -350 -97 84 0
110 -327 -100 88 0
67 -318 -100 99 0
15 -298 -99 103 0
-27 -305 -85 113 0
73 -317 -96 119 0
134 -321 -99 121 0
172 -350 -98 133 0
124 -316 -73 161 0
78 -283 -70 165 0
146 -319 -63 171 0
196 -279 -46 176 0
187 -73 -14 187 0
264 89 1 195 0
369 183 9 197 0
427 187 16 194 0
454 191 4 194 0
457 191 -3 193 0
455 194 3 196 0
444 198 18 195 0
447 198 10 198 1
462 196 11 199 1
466 195 13 197 1
464 197 9 193 1
452 196 10 196 1
466 198 12 199 1
453 198 16 201 1
457 197 10 198 1
455 196 2 200 1
460 196 3 198 1
451 197 8 200 1
450 198 15 191 1
451 198 14 92 1
460 197 14 7 1
474 218 17 -471 1
-108 224 26 -605 1
-294 224 29 -653 1
-402 220 29 -854 1
-503 220 28 -1036 1
-596 212 21 -1156 1
-596 205 14 -1189 1
-572 200 23 -1114 1
-669 201 19 -1100 1
-686 719 31 -1023 1
-672 218 35 -986 0
-355 221 31 -902 0
-327 221 33 594 0
-270 223 32 -692 0
-134 225 26 -696 0
-106 223 18 -712 0
-82 222 23 -681 0
-66 218 31 -582 0
45 210 24 -398 0
267 206 11 -162 0
440 204 12 12 0
444 205 11 64 0
436 201 10 73 0
454 204 16 88 0
450 204 23 93 0
460 204 20 96 0
466 205 10 101 0
472 205 7 103 0
468 198 18 104 0
461 200 17 109 1
470 204 8 115 1
472 206 12 114 1
485 206 16 116 1
485 202 21 115 1
481 203 12 114 1
476 202 12 118 1
489 201 5 121 1
489 719 9 121 1
476 218 14 121 1
498 224 13 -153 1
495 210 16 -1057 1
510 -57 22 -703 1
494 -654 20 -709 1
502 -767 25 -610 1
495 -968 29 -457 1
488 -1479 29 -317 1
498 -1531 24 -189 1
512 -1532 15 -114 1
501 -1622 13 -30 1
472 -1733 7 47 1
199 -1667 17 123 1
46 -1452 26 126 0
260 -1431 8 127 0
-142 -1321 1 141 0
-246 -1178 20 153 0
-338 -984 17 157 0
-375 -835 16 162 0
-368 -711 19 143 0
-261 -566 11 65 0
-314 -469 13 55 0
-338 -415 9 -27 0
-263 -343 -4 -66 0
-172 -371 -12 -47 0
-139 -312 -8 -60 0
-106 -180 -16 -71 0
-55 -155 -28 -94 0
-37 -120 -18 -50 0
194 -104 -14 29 0
366 -25 17 127 0
440 51 14 160 0
455 90 16 161 0
450 107 21 164 0
460 120 17 171 0
463 166 9 170 0
472 180 24 169 0
492 181 27 170 0
477 182 31 172 0
470 182 24 175 0
457 174 17 176 0
455 169 17 178 0
454 168 11 179 0
461 208 12 177 0
504 204 38 175 0
494 200 38 177 0
467 193 28 180 0
461 191 17 180 0
466 185 13 178 0
477 185 -7 155 0
408 168 -19 123 0
251 33 -12 83 0
167 -60 -30 -15 0
85 -151 -21 8 0
111 -148 -41 -10 0
103 -138 -43 -28 0
76 -142 -40 -22 0
26 -145 -45 -12 0
-20 -186 -47 -4 0
-25 -268 -11 -4 0
-45 -276 -8 -4 0
-16 -235 -10 -15 0
-1 -178 -5 -17 0
-29 -159 -4 -5 0
-41 -158 -13 2 0
-30 -178 -28 11 0
-64 -253 -31 49 0
-117 -255 -19 69 0
-89 -240 -10 64 0
12 -134 -16 142 0
254 39 -1 166 0
398 134 4 174 0
433 161 8 178 0
444 168 9 179 0
458 170 9 176 0
470 174 9 175 0
456 175 10 175 0
451 173 7 174 0
475 173 6 173 0
471 177 3 174 0
468 179 -1 180 0
454 181 6 180 0
464 183 9 181 0
460 187 21 183 0
456 184 15 181 0
464 190 14 177 0
451 188 13 181 0
458 189 13 193 0
471 199 25 179 0
495 210 28 176 0
443 212 32 179 0
388 206 33 182 0
270 196 31 181 0
151 119 28 178 0
2 54 26 79 0
-75 77 22 -40 0
-78 -196 6 -45 0
-64 -296 3 -9 0
-89 -206 -2 -64 0
-98 -167 6 -103 0
-119 -146 9 -104 0
-126 -105 0 -114 0
-166 -39 6 -112 0
-159 -17 6 -108 0
-126 -16 2 -122 0
-110 -18 11 -129 0
-132 -60 16 -118 0
-47 -53 14 -115 0
11 -24 12 -145 0
42 15 14 -68 0
130 35 15 61 0
319 106 17 152 0
468 171 20 172 0
468 182 20 173 0
451 182 21 175 0
458 185 15 178 0
468 189 11 175 0
451 188 8 177 0
451 184 3 180 0
465 185 9 181 0
466 190 16 182 0
483 185 7 186 0
475 188 10 184 0
471 192 12 185 0
474 193 9 187 0
473 192 3 188 0
481 192 12 187 0
486 192 16 188 0
470 192 -2 182 0
468 136 -14 157 0
269 -632 -6 106 0
222 -711 -3 110 0
165 -711 -3 109 0
178 -695 -6 117 0
156 -673 -11 122 0
122 -571 -12 117 0
129 -494 -18 119 0
115 -435 -20 121 0
130 -422 -31 114 0
105 -433 -26 130 0
117 -422 -31 125 0
184 -419 -35 111 0
189 -438 -50 97 0
126 -491 -32 117 0
104 -383 -27 138 0
56 -306 -18 161 0
29 -265 -22 164 0
57 -214 -20 164 0
57 -178 -12 167 0
133 -198 -13 163 0
169 -208 -17 165 0
224 50 -1 173 0
461 156 7 184 0
464 170 12 183 0
456 174 15 181 0
459 181 7 185 0
468 186 14 186 0
466 186 9 184 0
472 191 21 184 1
480 192 13 180 1
482 190 13 181 1
476 192 21 184 1
467 191 10 185 1
455 191 2 184 1
456 192 16 185 1
470 194 7 185 1
474 193 500 186 1
479 220 42 185 1
474 -56 -810 182 1
471 -64 -832 184 1
478 -66 -870 184 1
468 -66 -907 186 1
468 -64 -855 185 0
464 -68 -757 183 0
469 -83 -695 182 0
475 -96 -747 182 0
481 -112 -728 177 0
466 -105 -700 163 0
459 -102 -690 161 0
467 -44 -672 169 0
475 46 -638 181 0
480 134 -568 182 0
510 216 -657 184 0
495 224 -726 178 0
503 225 -679 136 0
506 218 -563 -4 0
473 217 -515 -193 0
469 200 -517 -308 0
478 201 -478 -363 0
478 200 -429 -407 0
456 201 -391 -428 0
459 206 -367 -489 0
456 207 -342 -557 0
457 203 -328 -620 0
468 204 -317 -643 0
473 205 -317 -609 0
463 203 -288 -582 0
485 198 -6 137 0
495 225 -15 163 0
499 226 15 168 0
487 223 14 166 0
494 227 19 165 0
491 223 17 162 0
486 213 7 160 0
491 210 -7 168 0
481 209 5 170 0
483 210 12 169 0
481 207 11 167 0
480 208 7 168 0
489 208 8 168 0
481 207 6 169 0
493 204 11 169 0
490 203 13 169 0
483 202 -6 169 0
490 205 -3 171 0
492 207 -1 169 0
475 206 -6 172 0
474 207 -2 173 0
476 209 2 172 0
485 208 -3 172 0
478 208 -15 173 0
481 210 -76 156 0
476 214 -112 98 0
468 214 -140 -70 0
401 169 -154 -83 0
243 -30 -128 -70 0
53 -95 -57 -66 0
-90 -144 -48 -45 0
-121 -156 -42 -54 0
-195 -184 -33 -64 0
-251 -213 -24 -43 0
-275 -244 -33 -36 0
-265 -278 -33 -30 0
-227 -278 -26 -24 0
-198 -258 -27 -15 0
-164 -245 -30 -5 0
-134 -253 -35 13 0
-146 -224 -41 9 0
-139 -179 -39 -6 0
-99 -168 -39 -8 0
-100 -168 -34 19 0
268 6 -41 97 0
447 168 7 151 0
474 209 9 163 0
474 212 14 163 0
465 202 11 164 0
469 199 8 170 0
473 199 -7 169 0
474 199 -8 169 1
461 206 -10 170 1
469 201 1 167 1
472 200 7 168 1
465 202 0 169 1
1583 363 0 170 1
464 220 -6 170 1
492 224 21 169 1
500 223 24 172 1
493 230 30 170 1
488 229 28 170 1
474 219 21 171 1
465 210 10 -20 1
463 205 9 -174 1
467 201 3 -338 1
470 225 12 -397 1
497 222 -41 -385 1
497 222 -54 -411 1
495 227 -53 -416 1
469 226 -44 -393 1
261 223 -20 -388 1
49 215 -24 -491 1
106 206 -32 -482 1
62 204 -29 -421 1
-28 206 -28 -466 1
-61 207 -25 -501 1
-21 205 -33 -478 0
34 206 -39 -474 0
9 227 -43 -692 0
89 226 -59 -658 0
97 220 -30 -638 0
91 225 -32 -644 0
64 228 -28 -655 0
-15 219 -37 -666 0
-13 210 -30 -638 0
78 203 -27 -556 0
290 202 3 -77 0
430 203 3 100 0
462 202 3 136 0
465 204 0 142 0
463 205 7 146 0
468 208 144 150 0
461 219 20 159 0
459 223 21 160 0
463 230 27 162 0
473 230 25 165 0
494 226 23 168 0
467 213 13 168 0
475 210 5 171 0
474 206 11 167 0
473 225 16 172 0
468 225 22 171 0
476 232 25 174 0
493 224 25 172 0
461 219 17 170 0
394 214 13 174 0
305 212 13 174 0
187 211 13 174 0
65 210 9 172 0
-36 209 7 176 0
-129 154 8 177 0
-189 91 16 174 0
-260 84 12 129 0
-220 65 16 22 0
-207 92 5 -55 0
-218 37 -9 -64 0
-211 -1 -10 -90 0
-214 -9 -16 -121 0
-256 -38 -11 -114 0
-290 -21 -23 -134 0
-300 -16 -32 -141 0
-353 -56 -25 -120 0
-462 -81 -31 -106 0
1658 -69 -34 -106 0
-407 -58 -23 -94 0
-354 -69 -16 -86 0
-329 -62 -14 -74 0
-298 -23 -7 -69 0
-233 23 -7 -65 0
-73 54 -15 -4 0
109 128 -1 99 0
332 185 3 153 0
473 202 7 161 0
469 205 8 168 0
461 205 10 167 0
464 206 8 167 0
465 206 5 168 0
459 208 3 167 0
462 221 -7 176 0
469 226 31 175 0
484 231 30 171 0
505 227 28 171 0
490 221 30 174 0
457 214 19 174 0
462 209 16 169 0
459 206 -2 171 0
462 206 3 175 0
465 207 9 173 0
461 207 10 171 0
479 212 19 173 0
480 210 24 175 0
487 211 23 177 0
480 207 8 175 0
484 206 500 177 0
465 234 26 176 0
403 238 28 177 0
321 228 27 174 0
228 148 23 136 0
25 83 5 84 0
-81 78 -9 79 0
-36 15 -26 35 0
-65 -2 -32 18 0
-70 -19 -33 1 0
-111 -25 -39 1 0
-82 -26 -34 -21 0
-52 -30 -37 -25 0
-29 -28 -34 -27 0
234 -10 -24 -26 0
-149 -157 -18 16 0
-188 -147 -17 22 0
-187 -131 -11 24 0
-59 -98 -9 36 0
151 -56 -4 82 0
228 -5 0 157 0
187 36 5 170 0
246 58 9 174 0
376 122 6 172 0
464 172 8 172 0
456 201 5 171 0
463 200 7 169 0
465 202 8 170 1
467 202 5 171 1
477 200 5 172 1
468 201 2 171 1
453 203 11 174 1
459 204 9 174 1
449 203 9 174 1
465 202 4 174 1
476 200 -3 172 1
473 201 -3 171 1
468 208 1 175 1
465 207 7 173 1
470 207 31 173 1
475 206 18 175 1
479 207 1 174 1
468 209 9 174 1
470 208 25 161 1
476 207 17 45 1
484 203 11 -135 1
490 -1254 58 -263 1
509 -1187 42 -240 1
513 -949 19 -305 1
499 -583 19 -318 1
460 -320 31 -402 1
342 -119 44 -416 1
177 -42 32 -367 1
-72 38 7 -352 1
-176 61 -14 -265 1
-247 -18 -11 -223 1
-269 -69 -9 -212 1
-278 -125 -8 -206 0
-226 -98 -6 -187 0
-171 -26 -3 -193 0
-106 11 -11 -190 0
-89 -3 -15 -172 0
-76 -22 -1 -167 0
-47 -23 4 -176 0
-69 -41 -12 -150 0
-79 -62 -13 -138 0
-73 -68 -1 -129 0
-175 -85 5 -108 0
-144 -116 7 -74 0
-88 -148 8 -54 0
-50 -102 9 -44 0
31 -143 -5 -10 0
365 -84 -6 26 0
452 41 1 94 0
453 130 2 130 0
470 153 10 139 0
481 160 1 149 0
480 164 9 150 0
590 161 5 153 0
510 197 0 157 0
509 197 17 156 0
488 194 18 157 0
467 188 23 163 0
462 186 24 159 0
466 179 25 158 0
462 172 13 158 0
459 174 9 162 0
471 174 1 165 0
466 174 -4 165 0
458 177 3 166 0
468 176 4 168 0
470 178 7 169 0
463 176 9 165 0
469 174 7 166 0
488 172 4 167 0
487 172 10 166 0
459 173 -1 168 0
476 173 -10 156 0
475 173 -10 142 0
477 173 -13 114 0
491 173 -42 62 0
481 173 -69 1 0
463 164 -92 -64 0
306 129 -87 -125 0
304 132 -102 -179 0
184 126 -96 -163 0
107 87 -68 -157 0
72 77 -54 -166 0
51 72 -53 -168 0
23 92 -45 -173 0
28 91 -55 -173 0
10 103 -48 -177 0
-42 100 -43 -161 0
-73 79 -40 -160 0
-71 71 -44 -167 0
-85 -12 -26 -107 0
-45 -31 -13 -88 0
42 -9 -10 -91 0
13 -4 -12 -71 0
24 -57 -14 -42 0
100 -63 -15 45 0
219 51 4 127 0
364 138 12 152 0
454 162 2 154 0
488 168 8 158 0
482 172 8 160 0
471 170 3 158 0
466 172 10 161 0
461 175 1 163 0
467 177 9 162 0
473 174 0 161 0
471 185 0 160 0
470 204 14 163 0
479 202 26 163 0
493 200 23 162 0
499 201 26 156 0
484 197 31 162 0
478 189 21 165 0
461 185 4 166 0
467 182 9 168 0
-32 -54 -11 -50 0
-24 3 -12 -81 0
48 2 6 -128 0
50 -17 10 -127 0
96 -30 9 -112 0
137 -21 -3 -116 0
133 -7 -11 -129 0
89 0 -10 -137 0
17 2 -7 -132 0
-21 -30 2 -104 0
-12 -50 -6 -92 0
-24 -76 11 -93 0
-20 -133 -5 -63 0
-47 -204 6 -25 0
-78 -211 13 53 0
107 -96 3 118 0
136 -86 0 147 0
165 -100 5 156 0
326 -28 11 162 0
433 82 4 164 0
467 149 7 171 0
460 194 10 166 0
494 198 25 162 0
485 200 30 162 1
494 199 26 161 1
508 194 22 163 1
486 188 19 167 1
467 182 17 167 1
460 183 17 162 1
447 187 14 162 1
463 186 11 168 1
486 185 12 167 1
481 185 12 167 1
471 185 12 169 1
468 188 9 167 1
462 189 13 162 1
280 188 12 164 1
223 186 18 164 1
-19 182 10 166 1
-182 39 10 167 1
-221 -408 16 170 1
-406 -364 15 168 1
-328 -529 12 165 1
-424 -623 6 164 1
-607 -776 9 165 1
-735 -1048 19 167 1
-1082 -1346 12 166 1
-1284 -1654 10 166 1
-1389 -1885 3 167 1
-1316 -1781 6 168 1
-1122 -1613 7 169 1
-1003 -1464 6 170 1
-829 -1436 5 166 1
-714 -1394 0 165 1
-663 -1127 7 167 1
-544 -1070 18 169 0
-436 -1138 11 168 0
-420 -1160 10 167 0
-532 -1057 6 168 0
-636 -960 11 168 0
-800 -868 3 167 0
-877 -808 4 169 0
-995 -680 10 171 0
-1057 -549 5 165 0
-971 -349 -1 154 0
-867 4 2 155 0
-202 22 -22 90 0
10 45 -31 75 0
22 37 -31 61 0
-19 56 -20 93 0
-58 159 8 138 0
89 214 17 159 0
311 229 18 168 0
412 235 13 169 0
432 241 7 167 0
429 248 12 166 0
1658 255 11 169 0
464 281 11 164 0
460 284 17 168 0
468 287 21 168 0
482 292 28 163 0
481 289 26 164 0
466 276 10 168 0
453 272 8 171 0
446 273 1 171 0
449 277 4 169 0
445 275 15 167 0
445 275 18 167 0
465 276 12 169 0
456 278 5 171 0
452 281 6 171 0
447 281 6 168 0
453 279 9 167 0
456 278 19 168 0
461 277 9 168 0
471 282 12 170 0
438 258 17 166 0
401 224 14 164 0
271 61 4 161 0
232 53 -6 85 0
107 -50 -30 3 0
38 -144 -21 76 0
126 -81 -34 11 0
74 -74 -29 28 0
106 -62 -33 18 0
93 -65 -36 21 0
50 -79 -20 40 0
2 -103 -8 54 0
-68 -87 -9 61 0
-59 -78 -20 63 0
-33 -87 -5 48 0
10 221 -8 157 0
423 297 13 160 0
482 306 21 158 0
486 306 18 159 0
476 298 12 163 0
475 291 2 164 0
476 296 -5 163 0
476 298 -1 164 0
457 295 -9 166 0
463 293 -7 163 0
465 296 3 166 0
462 296 8 167 0
465 294 10 168 0
469 294 15 165 1
464 295 8 165 1
473 293 -2 163 1
470 363 -6 166 1
431 -260 3 164 1
-459 -439 23 164 1
-728 -578 26 165 1
-773 -640 21 165 1
-842 -679 16 163 1
-954 -721 11 164 1
-1210 -730 13 163 1
-1225 -755 7 164 1
-1180 -792 2 165 1
-1139 -728 0 167 1
-1386 -573 16 168 1
-1574 -520 6 167 1
-1718 -440 15 168 1
-1741 -336 15 169 1
-1631 -278 15 169 1
-1335 -270 9 163 1
-1274 -235 14 167 1
-1169 -211 12 170 1
-1036 -120 -19 122 1
-743 30 -55 -53 1
-982 -131 -9 153 1
-961 -185 3 162 1
-831 -155 6 142 1
-601 -100 2 52 1
-580 -55 -5 68 0
-586 -44 -12 129 0
-338 40 -29 45 0
-442 3 -6 73 0
-402 11 -13 60 0
-415 27 -18 66 0
-446 23 -13 68 0
-484 19 -12 73 0
-449 9 -11 70 0
-418 6 -10 70 0
-403 -2 -6 71 0
-413 -14 -2 74 0
-435 -14 3 81 0
-468 -7 -3 78 0
-441 -15 -1 78 0
-400 -15 -3 76 0
-391 102 -5 73 0
-285 148 12 124 0
136 223 17 156 0
416 280 28 160 0
440 289 28 161 0
449 287 25 161 0
455 279 18 160 0
453 275 14 162 0
446 274 13 164 0
446 274 10 162 0
451 274 9 163 0
447 278 5 162 0
440 276 13 163 0
448 275 5 164 0
457 275 -1 164 0
464 277 0 163 0
489 276 1 163 0
482 280 -4 165 0
471 283 1 162 0
463 719 7 161 0
464 312 5 165 0
478 308 26 166 0
479 310 28 165 0
488 309 26 167 0
486 300 25 165 0
477 292 16 165 0
446 287 2 155 0
391 285 -12 142 0
286 286 -17 -2 0
147 287 -13 -67 0
-30 271 2 -119 0
-138 234 -7 -168 0
-175 199 -5 -188 0
-217 199 24 -172 0
-210 188 31 -176 0
-160 182 26 -174 0
-152 159 25 -151 0
-187 135 27 -140 0
-213 88 12 -119 0
-178 61 0 -130 0
-132 50 1 -135 0
-77 39 0 -139 0
-56 63 -10 -149 0
-73 91 0 -134 0
-61 113 1 -112 0
49 198 0 -65 0
1658 260 0 33 0
494 296 1 160 0
499 303 32 157 0
498 299 27 159 0
491 296 21 157 0
477 290 13 157 0
479 719 15 161 0
479 312 12 160 0
517 314 30 162 0
499 307 25 161 0
481 305 23 165 0
498 295 25 165 0
496 289 16 164 0
507 288 7 161 0
490 286 7 164 0
443 286 10 166 0
387 285 8 164 0
295 245 12 147 0
238 230 9 86 0
66 265 14 -136 0
14 278 2 -260 0
7 265 -2 -319 0
4 156 -1 -269 0
-78 -31 2 -164 0
-33 -26 -6 594 0
-42 130 3 -266 0
-134 178 26 -292 0
-162 244 27 -322 0
-206 273 29 -337 0
-194 273 28 -324 0
-192 216 30 -264 0
-216 123 30 -214 0
-238 125 15 -217 0
-253 111 18 -190 0
-241 10 22 -132 0
-181 44 13 -93 0
232 169 6 42 0
423 262 10 133 0
482 279 17 148 0
482 279 11 151 0
481 279 8 152 0
590 278 6 160 0
513 303 6 157 0
527 301 24 158 0
530 303 27 159 0
524 310 25 158 0
517 310 34 158 0
499 303 29 160 0
486 293 15 162 0
501 286 17 160 0
502 284 11 159 0
507 286 7 159 0
505 287 9 161 0
505 292 6 167 0
503 290 16 165 0
503 284 13 164 0
505 275 7 165 0
497 263 5 166 0
403 166 9 169 0
139 89 -31 29 0
48 87 -2 60 0
88 120 -7 27 0
144 119 -23 -1 0
160 108 -41 -7 0
177 104 -59 -17 0
157 115 -65 -47 0
68 81 -61 -36 0
-70 -10 -54 -12 0
-108 -148 -59 -9 0
-91 -166 -55 -35 0
-39 -240 -56 -14 0
18 -273 -53 -11 0
11 -235 -61 -28 0
10 -197 -69 -35 0
106 -176 -61 7 0
285 176 -40 133 0
412 258 -12 154 0
492 276 5 159 0
488 719 22 159 0
488 315 12 158 0
513 314 20 157 0
511 314 26 154 0
514 312 19 165 0
514 307 20 163 0
519 303 16 160 0
513 299 10 162 0
485 293 8 161 0
484 292 14 164 0
504 297 18 161 0
499 301 20 162 0
508 297 18 166 0
501 291 12 163 0
492 293 5 161 0
494 297 2 166 0
495 295 1 166 0
499 293 -5 166 0
26 -391 -39 -100 0
17 -481 -40 -119 0
27 -511 -37 -123 0
9 -526 -30 -126 0
-98 -506 -27 -143 0
-152 -476 -54 -171 0
-142 -367 -58 -207 0
-147 -386 -63 -232 0
-143 -431 -65 -221 0
-153 -457 -69 -209 0
-190 -460 -65 -180 0
-235 -418 -59 -140 0
-264 -378 -47 -131 0
-310 -362 -44 -128 0
-400 -324 -49 -107 0
-422 -281 -52 -70 0
-458 -244 -42 -29 0
-484 -168 -19 43 0
-295 185 -1 144 0
418 234 -3 155 0
472 241 -6 157 0
492 245 -2 155 1
490 248 5 153 1
499 249 0 155 1
502 251 3 162 1
522 276 4 161 1
513 282 20 159 1
504 277 22 160 1
515 273 24 160 1
493 277 26 165 1
485 271 7 163 1
491 264 -3 165 1
491 259 -10 166 1
483 259 -1 166 1
503 258 3 161 1
508 263 11 166 1
499 266 9 165 1
386 227 6 162 1
274 90 11 163 1
126 -89 6 163 1
-402 -262 5 163 1
-683 -403 4 163 1
-880 -497 -3 165 1
-1002 -583 5 164 1
-1181 -652 6 163 1
-1574 -734 -3 161 1
-1638 -855 3 164 1
-1554 -952 7 162 1
-1492 -1085 4 160 1
-1582 -1318 6 158 1
-1951 -1634 8 163 1
-1998 -1634 3 159 1
-1973 -1632 22 162 1
1658 -1443 22 148 1
-840 -309 25 15 1
-761 -344 -4 -87 0
-578 -279 13 -14 0
-464 -264 1 -50 0
-406 -199 3 -33 0
-348 -72 -26 -70 0
-380 -46 -22 -58 0
-442 -36 -14 -28 0
-445 165 -10 149 0
343 186 21 151 0
353 195 23 154 0
359 203 29 156 0
354 201 25 159 0
360 196 16 162 0
357 197 20 161 0
364 201 19 161 0
369 204 10 161 0
373 209 6 160 0
358 208 15 161 0
361 211 14 160 0
355 214 4 161 0
362 213 12 157 0
374 212 12 162 0
388 214 10 164 0
373 211 7 160 0
366 214 8 162 0
380 218 19 161 0
380 218 20 168 0
385 216 4 167 0
380 218 10 165 0
382 221 11 164 0
385 222 18 164 0
386 226 16 164 0
370 226 10 162 0
376 226 5 164 0
385 228 7 165 0
380 231 13 166 0
386 230 10 164 0
387 233 10 167 0
392 223 7 166 0
391 166 7 164 0
386 719 12 166 0
387 -31 10 165 0
-46 -69 -13 -39 0
-77 -73 -2 5 0
-54 -19 11 1 0
-94 -31 6 -11 0
-99 -41 -2 -14 0
-99 -58 5 -10 0
-100 -71 8 -7 0
-97 -69 8 -8 0
-99 -59 5 -14 0
-106 -55 6 -20 0
-85 -50 2 -19 0
-97 -56 4 594 0
-109 -53 -8 -20 0
-56 -30 13 -35 0
-50 7 13 -41 0
-69 20 13 -37 0
-82 7 9 -54 0
-114 18 6 -59 0
-134 -3 11 -38 0
-127 -80 7 -18 0
47 -92 5 37 0
275 166 5 116 0
358 221 6 152 0
372 225 8 156 0
372 225 5 157 0
363 230 4 157 0
369 233 4 159 0
357 231 -2 162 0
366 232 9 171 0
369 248 10 162 0
389 255 27 160 0
397 256 22 158 0
406 255 21 156 0
406 252 21 160 0
395 245 18 161 0
392 243 10 165 0
378 239 6 163 0
382 240 15 163 0
388 238 21 168 0
381 242 20 165 0
377 243 18 148 0
371 242 -45 112 0
254 161 -58 66 0
120 143 -56 63 0
71 117 -83 12 0
-83 38 -61 1 0
-207 19 -48 -11 0
-256 21 -47 238 0
-250 -79 -40 -28 0
-139 -77 -36 -7 0
-165 -129 -31 15 0
-216 -193 -19 25 0
-257 -291 -6 33 0
-305 -337 -17 35 0
-367 -357 -19 43 0
-322 -363 -24 45 0
-274 -367 -28 27 0
-260 -397 -42 -100 0
-297 -402 -56 -88 0
-254 -359 -41 -39 0
-181 -267 -19 -8 0
-128 -174 -16 43 0
-126 -135 -12 93 0
-171 -134 -15 116 0
-153 -158 -17 123 0
-86 -170 -12 129 0
98 116 -8 146 0
320 214 6 160 0
382 230 11 159 0
406 258 19 162 1
412 263 29 163 1
413 262 40 162 1
417 258 39 156 1
409 255 28 160 1
384 250 14 163 1
387 247 14 161 1
391 246 22 162 1
400 246 12 163 1
389 246 12 165 1
410 248 16 163 1
408 246 18 162 1
401 247 17 162 1
401 248 19 163 1
399 247 3 166 1
399 239 8 163 1
357 52 6 159 1
-63 -154 -4 158 1
-774 -120 0 154 1
-1210 -217 9 159 1
-1645 -289 12 161 1
-1710 -332 6 160 1
-1719 -338 6 160 1
-1688 -333 5 154 1
-1710 -215 5 159 1
-1757 -144 2 159 1
-1640 -158 13 158 1
-1537 -225 17 160 1
-1576 -198 13 157 1
-1471 -150 11 156 0
-1201 -162 2 156 0
-861 -243 13 160 0
-565 -303 4 160 0
-496 -323 3 160 0
-402 -358 5 159 0
-379 -337 11 162 0
-480 -261 11 163 0
-440 -211 9 147 0
-389 -210 12 143 0
-359 -179 5 104 0
-304 -165 -18 60 0
-329 -193 -27 67 0
-228 -122 -36 49 0
-164 -98 -37 61 0
-133 -85 -24 82 0
-110 -197 -18 112 0
109 -163 -32 84 0
274 -28 -28 139 0
382 143 -13 157 0
429 213 5 160 0
440 231 8 161 0
444 240 7 161 0
420 242 3 162 1
430 242 2 158 1
443 245 4 161 1
453 246 7 161 1
443 246 15 159 1
438 245 6 161 1
450 248 1 161 1
446 252 0 161 1
454 253 6 160 1
455 251 5 160 1
435 250 -1 161 1
393 250 3 82 1
442 246 -10 -556 1
458 249 -198 -321 1
1658 253 -437 -433 1
472 288 -415 -1034 1
315 287 -344 -1031 1
-227 280 -283 -1053 1
-341 278 -112 -1201 1
-419 274 -21 -1272 1
-454 266 -4 -1160 1
-386 257 2 -1083 1
-308 210 -2 -775 1
-196 -90 4 -624 1
-178 -109 9 -781 1
-174 -261 6 -774 0
-257 -400 8 -602 0
-276 -458 10 -510 0
-364 9 0 -511 0
-20 -10 18 -524 0
-91 13 23 -488 0
-122 -49 19 -413 0
-140 -22 21 -324 0
-192 19 19 -313 0
-183 -44 13 -295 0
-10 -77 4 -211 0
133 23 8 -206 0
362 115 7 -83 0
502 176 5 39 0
533 227 -2 74 0
546 240 4 82 0
555 241 9 87 0
545 240 3 99 0
539 245 -2 594 0
552 276 -6 113 0
567 278 22 114 0
572 276 19 113 0
564 272 6 109 0
556 265 12 112 0
551 258 22 115 0
555 254 11 114 0
567 255 4 117 0
574 254 1 118 0
571 250 1 120 0
567 251 9 119 0
569 253 -2 120 0
571 253 -9 123 0
555 254 -2 121 0
566 254 -3 118 0
575 256 -6 106 0
566 256 -13 24 0
544 171 -54 -40 0
188 133 -21 -134 0
91 123 -13 -135 0
29 97 -16 -141 0
-60 78 -16 -126 0
-121 77 -19 -139 0
-136 40 -34 -138 0
-128 -5 -40 -129 0
-152 -20 -30 -123 0
-168 -16 -23 -125 0
-145 -43 -22 -117 0
-102 -38 -26 -111 0
-72 -42 -23 -29 0
-82 64 -28 -46 0
9 54 -9 -42 0
13 62 -10 -8 0
392 168 -5 71 0
530 243 8 110 0
548 250 6 115 0
548 254 -3 116 0
552 250 -3 115 0
546 249 -7 114 0
539 253 -4 115 0
549 255 4 114 0
556 253 7 116 0
540 255 0 120 0
535 280 -4 124 0
570 269 10 119 0
569 270 24 122 0
552 271 21 123 0
538 264 12 122 0
539 258 -1 123 0
540 255 -2 124 0
553 250 -4 122 0
559 252 11 126 0
548 254 10 126 0
543 254 -2 123 0
552 251 -7 125 0
534 253 -8 125 0
479 254 5 126 0
408 254 0 126 0
332 229 -3 128 0
232 157 2 126 0
149 71 5 126 0
114 -24 -11 113 0
204 38 -69 -1 0
200 12 -58 -66 0
138 -22 -71 594 0
147 51 -70 -157 0
227 81 -48 -161 0
211 106 -51 -159 0
138 108 -40 -142 0
73 67 -41 -139 0
83 4 -44 -140 0
56 -60 -50 -126 0
10 -105 -47 -112 0
-64 -94 -25 -117 0
-153 -103 -28 -111 0
-198 -133 -32 -87 0
-219 -210 -29 -87 0
-95 -237 -38 -84 0
-58 -243 -32 -62 0
40 -146 -26 -16 0
294 70 -16 65 0
494 213 -7 108 0
536 242 3 115 0
531 251 -4 119 0
545 251 3 121 0
556 253 9 122 0
534 257 2 122 0
557 257 6 126 0
554 255 6 126 0
549 255 -3 127 0
545 255 5 127 0
537 256 8 126 0
543 255 -4 127 0
539 254 -7 125 0
542 252 -9 127 0
554 256 -8 128 0
549 260 -6 125 0
536 254 5 126 0
539 252 -1 127 0
549 251 -3 127 0
552 255 -4 131 0
561 259 -7 128 0
551 260 -5 126 0
552 255 10 594 0
551 284 -3 -134 0
554 274 17 -144 0
473 239 -2 -118 0
317 222 -7 -168 0
210 202 -17 -163 0
29 125 -1 -146 0
-181 92 0 -159 0
-274 68 2 -149 0
-359 38 -2 -139 0
-371 10 1 -142 0
-220 -10 -12 -150 0
-127 10 -12 -181 0
-56 44 -12 -210 0
-112 6 -10 -177 0
-160 -80 -7 -150 0
-192 -234 0 -155 0
-226 -270 -2 -222 0
1658 -312 -6 -255 0
5 -257 -5 -81 0
237 -118 5 16 0
456 117 13 99 0
542 241 16 119 0
545 250 13 123 0
536 251 -2 128 0
521 254 -3 128 0
550 250 2 127 0
528 252 -1 126 0
524 257 2 126 0
532 258 0 128 0
537 255 7 129 0
550 256 11 129 0
548 260 3 130 0
538 258 3 130 0
531 254 -3 132 0
544 257 1 135 0
539 259 -4 132 0
553 258 -12 130 0
549 257 -10 128 0
542 255 0 129 0
543 256 -4 129 0
544 254 -8 129 0
540 257 10 131 0
531 259 16 134 0
543 256 9 131 0
548 256 10 123 0
536 255 -4 120 0
438 231 -10 117 0
302 95 -17 109 0
263 53 -38 55 0
197 -48 -41 -31 0
193 -135 -44 594 0
177 -394 -41 -84 0
3 -382 -18 -70 0
-92 -388 -10 -65 0
-206 -404 -10 -66 0
-264 -469 -19 -54 0
-313 -475 -30 -52 0
-367 -454 -35 -58 0
-512 -475 -38 -64 0
-712 -568 -37 -98 0
-340 -647 -24 -83 0
21 -556 -19 45 0
355 -227 -9 116 0
512 225 4 128 0
529 244 12 128 0
533 280 29 126 0
532 282 26 131 0
534 283 16 136 0
532 275 11 133 0
542 272 11 130 0
557 266 2 130 0
549 264 5 134 0
533 267 7 131 0
529 267 8 131 0
539 267 -2 131 0
534 270 -4 128 0
527 270 4 131 0
533 265 -4 132 0
528 261 -4 132 0
524 265 4 135 0
542 270 2 138 0
529 265 -1 139 0
527 268 -22 129 0
523 267 -34 111 0
512 266 -59 71 0
264 254 -85 39 0
-72 188 -50 75 0
-59 124 -52 37 0
-234 -52 -35 41 0
-260 -108 -44 52 0
-240 -164 -46 42 0
-249 -230 -49 28 0
-286 -328 -47 20 0
-283 -421 -37 21 0
-132 -424 -45 1 0
-77 -387 -47 -60 0
-38 -347 -51 -106 0
-6 -340 -53 -143 0
-80 -360 -64 -143 0
-221 -416 -72 -157 0
-157 -128 -44 -74 0
40 154 -12 60 0
511 249 14 112 0
507 264 20 120 0
512 261 10 127 0
523 261 9 128 0
514 264 11 126 0
524 264 3 126 0
508 265 0 126 0
510 265 13 128 0
524 267 0 127 0
525 270 6 129 0
519 260 0 129 0
523 266 -2 127 0
521 269 -3 128 0
516 267 5 131 0
511 285 8 131 0
502 276 22 112 0
312 212 26 108 0
206 202 24 64 0
134 217 -6 -49 0
65 98 -32 -134 0
-127 -60 -33 -165 0
-228 -88 -41 -196 0
-310 -103 -39 -196 0
-312 -128 -43 -198 0
-326 -187 -40 -186 0
-289 -203 -34 -181 0
97 -191 -41 -213 0
-316 -190 -36 -222 0
-447 -212 -35 -212 0
-463 -265 -41 -236 0
-511 -417 -41 -244 0
-598 -484 -36 -244 0
-607 -512 -33 -263 0
-605 -503 -48 -280 0
-601 -453 -65 -278 0
-552 -384 -54 -248 0
-388 -143 -31 -182 0
-344 -72 -26 -107 0
-254 -3 -24 15 0
39 115 -11 86 0
321 219 -1 114 0
489 253 5 120 0
500 262 2 122 0
501 267 -4 124 0
506 265 -5 126 0
516 262 -4 128 0
520 262 7 129 1
519 268 2 131 1
516 265 -5 128 1
512 266 0 129 1
510 266 5 129 1
519 268 2 128 1
528 270 -1 131 1
515 273 6 133 1
511 275 10 130 1
523 273 9 130 1
518 274 27 130 1
515 276 51 111 1
519 273 -2 -52 1
529 276 -89 -811 1
513 276 -200 -920 1
517 274 -270 -1016 1
521 271 -213 -1133 1
521 268 -199 -1197 1
509 274 -211 -1341 1
513 276 -198 -1431 1
532 267 -195 -1461 1
554 243 -205 -1488 1
545 240 -229 -1585 1
521 240 -239 -1686 1
527 244 -254 -1745 1
524 251 -257 -1782 1
522 258 -256 -1761 1
541 306 -260 -1392 0
537 313 -266 -1266 0
535 314 -282 -1127 0
557 310 -289 -1035 0
553 302 -303 -971 0
522 296 -321 -905 0
531 287 -324 -833 0
531 280 -318 -795 0
499 279 -297 -704 0
420 281 -242 -401 0
373 284 -223 -379 0
371 280 -214 -368 0
380 277 -204 -361 0
400 278 -187 -348 0
416 276 -180 -335 0
444 273 -161 -276 0
520 274 -116 -176 0
526 274 -41 -18 0
528 275 -4 90 0
527 276 -15 127 0
536 279 -12 142 0
523 278 -9 156 0
1588 274 1 161 0
522 272 -1 164 0
526 275 1 168 0
538 281 3 166 0
547 291 8 165 0
543 292 12 169 0
521 280 8 178 0
528 280 2 177 0
535 281 6 177 0
517 280 11 180 0
537 307 19 184 0
553 293 21 187 0
545 294 21 188 0
537 297 19 188 0
557 300 22 186 0
549 304 20 185 0
531 292 11 184 0
526 224 -2 185 0
534 175 -4 186 0
542 62 2 179 0
536 -10 -32 169 0
486 -25 -35 169 0
422 -141 -36 170 0
395 -210 -65 163 0
355 -285 -75 164 0
349 -303 -81 153 0
327 -302 -69 148 0
330 -286 -80 145 0
377 -285 -94 135 0
407 -321 -98 136 0
413 -370 -92 121 0
407 -415 10473 101 0
345 -442 -78 144 0
251 -309 -55 163 0
176 -225 -24 174 0
188 -209 -21 178 0
305 -103 -9 186 0
401 139 10 189 0
477 250 6 186 0
525 264 3 184 0
526 264 -1 187 0
517 270 1 189 0
511 270 2 189 0
528 271 1 187 0
541 271 2 187 0
523 271 5 189 0
512 270 3 191 0
515 271 4 191 0
523 270 1 189 0
517 270 -7 192 0
513 268 0 191 0
526 272 3 189 0
529 275 0 191 0
525 273 2 192 0
525 274 15 191 0
527 275 15 191 0
521 277 6 190 0
521 277 1 191 0
526 276 -3 193 0
533 275 -5 192 0
530 226 -5 191 0
530 154 21 111 0
374 157 20 77 0
232 94 12 -33 0
250 31 -5 -50 0
134 -13 -8 -55 0
67 -69 -5 -38 0
17 -100 8 -20 0
-5 -83 8 -29 0
-6 -50 4 -44 0
-75 -62 0 -36 0
-138 -83 -4 -30 0
-175 -116 -8 -30 0
-202 -138 -4 -28 0
-165 -102 -7 -56 0
-65 -44 -34 -112 0
-43 -91 -36 -148 0
2 -212 -36 -199 0
22 -320 -29 -211 0
37 -364 -30 -216 0
-31 -342 -28 -206 0
-44 -319 -28 -192 0
-48 -301 -17 -112 0
17 -240 -3 -3 0
218 154 8 131 0
431 250 5 175 0
515 261 5 180 0
509 267 9 182 0
506 273 10 178 0
532 266 3 182 0
524 261 4 184 0
527 269 7 186 0
530 270 -1 186 0
525 271 3 185 0
531 276 6 187 0
533 274 -6 189 0
516 277 5 188 0
520 280 12 186 0
540 276 -3 189 0
527 274 1 188 0
520 277 16 188 0
524 276 22 187 0
524 274 16 186 0
520 277 12 185 0
525 274 7 179 0
535 274 7 181 0
544 257 5 180 0
534 175 10 170 0
505 94 9 98 0
276 165 -7 20 0
154 75 -14 7 0
4 72 -16 -15 0
-56 76 -15 -42 0
-230 71 -22 -42 0
-285 73 -25 -38 0
-323 90 -15 -37 0
-275 117 -33 -53 0
-306 129 -40 -54 0
-320 132 -42 -49 0
-330 117 -40 -40 0
-340 114 -38 -33 0
-360 81 -45 -20 0
-376 9 -28 -9 0
-316 -49 -38 -6 0
-307 -77 -39 -11 0
-314 -121 -27 -11 0
-264 -74 -20 -11 0
-161 24 -22 9 0
44 107 -15 70 0
340 196 -6 145 0
481 253 -5 181 0
515 266 -4 184 0
534 269 1 184 0
526 271 9 184 0
533 269 6 185 0
522 270 6 184 0
522 272 16 187 0
529 271 12 188 0
535 272 8 188 0
535 277 3 187 0
530 272 5 186 0
533 272 7 188 0
538 275 5 189 0
534 274 3 186 0
519 276 0 189 0
515 275 4 187 0
529 270 2 186 0
532 271 2 186 0
534 274 -2 193 0
527 276 7 192 0
540 278 14 193 0
533 277 11 188 0
532 277 7 187 0
519 277 0 188 0
533 274 0 189 0
543 274 9 188 0
534 275 6 191 0
541 273 -5 192 0
541 274 -3 193 0
540 272 0 193 0
486 274 -8 192 0
442 274 3 193 0
373 273 5 190 0
95 194 -1 -6 0
69 120 12 -15 0
74 83 10 -55 0
57 73 13 -93 0
57 59 0 -103 0
94 40 -11 -125 0
122 9 -9 -175 0
114 -3 -19 -186 0
97 -46 -22 -191 0
110 -41 -12 -211 0
99 -27 -8 -220 0
62 5 -5 -215 0
21 39 -12 -192 0
-43 68 -14 -186 0
-39 69 -19 -172 0
-51 69 -18 -166 0
-46 71 -20 -171 0
-52 68 -17 -165 0
-134 49 -9 -119 0
-169 39 -11 -114 0
-185 82 -15 -130 0
-194 74 -13 -133 0
-211 88 -14 -115 1
-284 154 -32 -31 1
-182 223 -31 64 1
104 248 5 137 1
395 259 1 169 1
505 267 1 175 1
506 273 14 179 1
514 274 11 181 1
1658 275 -3 181 1
556 295 -6 181 1
545 296 33 180 1
545 299 30 182 1
547 302 29 187 1
547 297 20 182 1
544 288 16 125 1
526 280 0 33 1
524 274 8 -12 1
519 275 2 -195 1
530 275 -27 -285 1
535 275 -37 -333 1
539 279 -47 -371 1
439 278 -50 -403 1
-26 275 -17 -404 1
-161 275 -31 -821 1
-489 274 -42 -834 1
-493 270 -25 -938 1
-477 271 7 -993 1
-413 271 23 -1016 1
-391 275 20 -1016 1
-271 280 10 -1109 1
-238 276 21 -1149 1
-176 276 22 -1149 1
-164 277 15 -1103 1
-173 276 24 -1004 1
-192 276 18 -947 1
-176 277 27 -897 0
-42 131 24 -596 0
27 -300 15 -442 0
16 -286 15 -642 0
118 -125 15 -698 0
238 5 18 -727 0
289 139 26 -912 0
298 202 33 -919 0
306 223 25 -927 0
436 222 19 -941 0
505 188 12 -981 0
527 54 10 -925 0
525 74 21 -838 0
530 56 21 -620 0
547 -89 12 -533 0
510 -46 8 -612 0
310 21 16 -551 0
125 13 41 -345 0
131 -27 33 -241 0
-206 -17 36 -182 0
-305 17 27 -156 0
-304 57 26 -130 0
-209 53 20 -122 0
-45 61 15 -129 0
43 26 18 -57 0
35 15 5 -49 0
25 38 13 -65 0
33 25 10 -51 0
33 26 18 -54 0
34 29 12 -56 0
33 28 8 -50 0
31 31 3 -52 0
20 30 7 -49 0
27 31 3 -48 0
41 34 9 -46 0
27 30 10 -47 0
19 31 9 -43 0
35 35 17 -44 0
36 35 19 -44 0
15 32 19 -44 0
29 32 8 -40 0
38 28 9 -41 0
